3.100000000000000000e+02
3.970000000000000000e+02
2.790000000000000000e+02
2.550000000000000000e+02
2.610000000000000000e+02
6.270000000000000000e+02
3.070000000000000000e+02
4.370000000000000000e+02
2.790000000000000000e+02
2.470000000000000000e+02
2.450000000000000000e+02
6.760000000000000000e+02
2.690000000000000000e+02
2.660000000000000000e+02
1.000000000000000000e+03
4.040000000000000000e+02
2.600000000000000000e+02
2.880000000000000000e+02
5.150000000000000000e+02
2.300000000000000000e+02
2.990000000000000000e+02
6.980000000000000000e+02
1.980000000000000000e+02
4.140000000000000000e+02
3.560000000000000000e+02
4.530000000000000000e+02
3.430000000000000000e+02
2.430000000000000000e+02
4.950000000000000000e+02
1.000000000000000000e+03
2.040000000000000000e+02
7.530000000000000000e+02
2.570000000000000000e+02
3.050000000000000000e+02
3.170000000000000000e+02
2.440000000000000000e+02
2.120000000000000000e+02
3.180000000000000000e+02
1.000000000000000000e+03
4.230000000000000000e+02
1.000000000000000000e+03
4.410000000000000000e+02
3.320000000000000000e+02
2.960000000000000000e+02
4.660000000000000000e+02
3.360000000000000000e+02
2.080000000000000000e+02
2.290000000000000000e+02
4.820000000000000000e+02
4.390000000000000000e+02
2.300000000000000000e+02
2.870000000000000000e+02
6.840000000000000000e+02
2.450000000000000000e+02
3.030000000000000000e+02
1.000000000000000000e+03
3.010000000000000000e+02
2.820000000000000000e+02
2.530000000000000000e+02
2.540000000000000000e+02
2.680000000000000000e+02
5.100000000000000000e+02
4.410000000000000000e+02
2.250000000000000000e+02
3.030000000000000000e+02
5.110000000000000000e+02
1.000000000000000000e+03
2.710000000000000000e+02
3.090000000000000000e+02
2.900000000000000000e+02
2.540000000000000000e+02
4.450000000000000000e+02
2.550000000000000000e+02
2.630000000000000000e+02
2.260000000000000000e+02
2.490000000000000000e+02
2.200000000000000000e+02
7.480000000000000000e+02
1.000000000000000000e+03
4.090000000000000000e+02
1.000000000000000000e+03
3.960000000000000000e+02
2.810000000000000000e+02
2.190000000000000000e+02
2.830000000000000000e+02
2.340000000000000000e+02
2.790000000000000000e+02
6.720000000000000000e+02
2.530000000000000000e+02
2.350000000000000000e+02
2.600000000000000000e+02
4.510000000000000000e+02
5.780000000000000000e+02
2.430000000000000000e+02
2.420000000000000000e+02
4.530000000000000000e+02
4.660000000000000000e+02
2.210000000000000000e+02
2.540000000000000000e+02
4.910000000000000000e+02
2.410000000000000000e+02
1.000000000000000000e+03
2.470000000000000000e+02
3.400000000000000000e+02
5.190000000000000000e+02
2.750000000000000000e+02
2.560000000000000000e+02
2.770000000000000000e+02
3.020000000000000000e+02
5.510000000000000000e+02
2.280000000000000000e+02
3.550000000000000000e+02
6.100000000000000000e+02
2.420000000000000000e+02
7.350000000000000000e+02
2.620000000000000000e+02
2.380000000000000000e+02
2.660000000000000000e+02
2.600000000000000000e+02
2.390000000000000000e+02
2.520000000000000000e+02
2.420000000000000000e+02
2.760000000000000000e+02
3.060000000000000000e+02
4.750000000000000000e+02
4.960000000000000000e+02
2.320000000000000000e+02
2.700000000000000000e+02
2.820000000000000000e+02
4.500000000000000000e+02
2.590000000000000000e+02
2.230000000000000000e+02
2.420000000000000000e+02
3.930000000000000000e+02
2.680000000000000000e+02
6.810000000000000000e+02
5.210000000000000000e+02
5.960000000000000000e+02
4.690000000000000000e+02
4.590000000000000000e+02
2.640000000000000000e+02
3.090000000000000000e+02
3.020000000000000000e+02
1.000000000000000000e+03
3.380000000000000000e+02
2.880000000000000000e+02
2.590000000000000000e+02
3.260000000000000000e+02
3.040000000000000000e+02
1.000000000000000000e+03
3.120000000000000000e+02
3.760000000000000000e+02
4.580000000000000000e+02
5.180000000000000000e+02
2.320000000000000000e+02
2.380000000000000000e+02
2.880000000000000000e+02
2.380000000000000000e+02
2.910000000000000000e+02
1.000000000000000000e+03
2.040000000000000000e+02
2.940000000000000000e+02
5.190000000000000000e+02
4.660000000000000000e+02
4.890000000000000000e+02
7.760000000000000000e+02
2.170000000000000000e+02
2.640000000000000000e+02
5.330000000000000000e+02
3.060000000000000000e+02
2.480000000000000000e+02
2.770000000000000000e+02
5.320000000000000000e+02
2.070000000000000000e+02
4.660000000000000000e+02
4.110000000000000000e+02
8.240000000000000000e+02
4.680000000000000000e+02
4.470000000000000000e+02
3.650000000000000000e+02
2.500000000000000000e+02
2.370000000000000000e+02
6.800000000000000000e+02
2.910000000000000000e+02
2.350000000000000000e+02
2.670000000000000000e+02
2.860000000000000000e+02
2.690000000000000000e+02
6.370000000000000000e+02
2.530000000000000000e+02
2.960000000000000000e+02
5.940000000000000000e+02
2.280000000000000000e+02
2.300000000000000000e+02
2.320000000000000000e+02
1.790000000000000000e+02
8.390000000000000000e+02
2.410000000000000000e+02
2.680000000000000000e+02
4.630000000000000000e+02
1.000000000000000000e+03
2.560000000000000000e+02
4.160000000000000000e+02
2.770000000000000000e+02
2.310000000000000000e+02
3.850000000000000000e+02
2.550000000000000000e+02
2.190000000000000000e+02
2.690000000000000000e+02
7.310000000000000000e+02
2.590000000000000000e+02
3.160000000000000000e+02
1.000000000000000000e+03
1.000000000000000000e+03
2.590000000000000000e+02
2.770000000000000000e+02
2.580000000000000000e+02
2.740000000000000000e+02
2.630000000000000000e+02
2.300000000000000000e+02
2.290000000000000000e+02
2.310000000000000000e+02
3.390000000000000000e+02
7.250000000000000000e+02
9.770000000000000000e+02
1.000000000000000000e+03
2.650000000000000000e+02
2.880000000000000000e+02
2.390000000000000000e+02
2.380000000000000000e+02
4.150000000000000000e+02
2.770000000000000000e+02
2.220000000000000000e+02
2.600000000000000000e+02
2.120000000000000000e+02
9.600000000000000000e+02
3.210000000000000000e+02
2.290000000000000000e+02
3.110000000000000000e+02
5.450000000000000000e+02
2.890000000000000000e+02
1.000000000000000000e+03
3.200000000000000000e+02
2.060000000000000000e+02
3.590000000000000000e+02
2.530000000000000000e+02
6.650000000000000000e+02
5.340000000000000000e+02
5.790000000000000000e+02
2.570000000000000000e+02
2.560000000000000000e+02
3.570000000000000000e+02
5.610000000000000000e+02
1.000000000000000000e+03
3.050000000000000000e+02
2.770000000000000000e+02
4.190000000000000000e+02
2.680000000000000000e+02
3.240000000000000000e+02
2.390000000000000000e+02
2.340000000000000000e+02
2.840000000000000000e+02
1.000000000000000000e+03
3.600000000000000000e+02
3.100000000000000000e+02
4.250000000000000000e+02
2.540000000000000000e+02
4.640000000000000000e+02
2.520000000000000000e+02
3.200000000000000000e+02
6.030000000000000000e+02
2.670000000000000000e+02
5.270000000000000000e+02
6.790000000000000000e+02
2.850000000000000000e+02
2.300000000000000000e+02
2.500000000000000000e+02
4.750000000000000000e+02
4.170000000000000000e+02
2.730000000000000000e+02
2.650000000000000000e+02
7.250000000000000000e+02
6.460000000000000000e+02
2.260000000000000000e+02
1.000000000000000000e+03
3.570000000000000000e+02
3.340000000000000000e+02
2.370000000000000000e+02
4.040000000000000000e+02
3.330000000000000000e+02
2.840000000000000000e+02
2.160000000000000000e+02
4.980000000000000000e+02
2.720000000000000000e+02
2.330000000000000000e+02
2.260000000000000000e+02
2.190000000000000000e+02
2.930000000000000000e+02
1.000000000000000000e+03
4.520000000000000000e+02
2.420000000000000000e+02
2.700000000000000000e+02
2.710000000000000000e+02
2.200000000000000000e+02
1.000000000000000000e+03
1.000000000000000000e+03
3.930000000000000000e+02
5.550000000000000000e+02
1.000000000000000000e+03
1.000000000000000000e+03
1.000000000000000000e+03
2.970000000000000000e+02
2.050000000000000000e+02
5.370000000000000000e+02
2.350000000000000000e+02
4.730000000000000000e+02
3.450000000000000000e+02
2.720000000000000000e+02
6.010000000000000000e+02
5.230000000000000000e+02
2.890000000000000000e+02
4.610000000000000000e+02
5.590000000000000000e+02
5.380000000000000000e+02
7.470000000000000000e+02
2.730000000000000000e+02
3.390000000000000000e+02
2.690000000000000000e+02
7.690000000000000000e+02
1.000000000000000000e+03
4.920000000000000000e+02
3.300000000000000000e+02
4.410000000000000000e+02
2.670000000000000000e+02
2.840000000000000000e+02
2.770000000000000000e+02
2.580000000000000000e+02
2.610000000000000000e+02
4.010000000000000000e+02
6.880000000000000000e+02
5.340000000000000000e+02
5.940000000000000000e+02
2.660000000000000000e+02
2.950000000000000000e+02
2.900000000000000000e+02
4.630000000000000000e+02
3.080000000000000000e+02
3.980000000000000000e+02
4.260000000000000000e+02
3.130000000000000000e+02
2.670000000000000000e+02
5.340000000000000000e+02
3.170000000000000000e+02
3.300000000000000000e+02
1.000000000000000000e+03
4.160000000000000000e+02
2.680000000000000000e+02
4.470000000000000000e+02
2.330000000000000000e+02
2.550000000000000000e+02
4.160000000000000000e+02
3.390000000000000000e+02
2.910000000000000000e+02
2.730000000000000000e+02
1.000000000000000000e+03
2.750000000000000000e+02
4.130000000000000000e+02
3.010000000000000000e+02
1.000000000000000000e+03
2.730000000000000000e+02
2.630000000000000000e+02
2.700000000000000000e+02
2.590000000000000000e+02
2.410000000000000000e+02
4.720000000000000000e+02
4.710000000000000000e+02
4.690000000000000000e+02
5.280000000000000000e+02
1.000000000000000000e+03
2.780000000000000000e+02
5.290000000000000000e+02
2.580000000000000000e+02
2.130000000000000000e+02
7.050000000000000000e+02
2.170000000000000000e+02
2.590000000000000000e+02
1.000000000000000000e+03
2.190000000000000000e+02
2.280000000000000000e+02
2.980000000000000000e+02
1.000000000000000000e+03
2.600000000000000000e+02
2.500000000000000000e+02
1.950000000000000000e+02
1.000000000000000000e+03
4.750000000000000000e+02
2.600000000000000000e+02
2.920000000000000000e+02
4.070000000000000000e+02
4.870000000000000000e+02
3.250000000000000000e+02
4.700000000000000000e+02
3.900000000000000000e+02
2.870000000000000000e+02
3.270000000000000000e+02
2.870000000000000000e+02
2.080000000000000000e+02
4.860000000000000000e+02
2.790000000000000000e+02
2.200000000000000000e+02
3.010000000000000000e+02
4.420000000000000000e+02
2.570000000000000000e+02
2.690000000000000000e+02
6.410000000000000000e+02
1.000000000000000000e+03
2.540000000000000000e+02
2.720000000000000000e+02
4.430000000000000000e+02
1.470000000000000000e+02
8.070000000000000000e+02
1.000000000000000000e+03
8.610000000000000000e+02
3.840000000000000000e+02
4.070000000000000000e+02
2.260000000000000000e+02
2.490000000000000000e+02
2.310000000000000000e+02
2.640000000000000000e+02
2.430000000000000000e+02
2.170000000000000000e+02
3.990000000000000000e+02
1.000000000000000000e+03
2.440000000000000000e+02
5.830000000000000000e+02
5.050000000000000000e+02
2.160000000000000000e+02
3.150000000000000000e+02
2.020000000000000000e+02
1.000000000000000000e+03
2.460000000000000000e+02
3.610000000000000000e+02
3.160000000000000000e+02
8.130000000000000000e+02
1.000000000000000000e+03
3.400000000000000000e+02
2.710000000000000000e+02
5.810000000000000000e+02
4.560000000000000000e+02
2.800000000000000000e+02
4.620000000000000000e+02
2.720000000000000000e+02
1.000000000000000000e+03
2.760000000000000000e+02
4.960000000000000000e+02
2.370000000000000000e+02
1.000000000000000000e+03
4.750000000000000000e+02
2.080000000000000000e+02
3.060000000000000000e+02
2.340000000000000000e+02
4.610000000000000000e+02
2.600000000000000000e+02
4.720000000000000000e+02
1.000000000000000000e+03
2.510000000000000000e+02
3.870000000000000000e+02
2.860000000000000000e+02
2.660000000000000000e+02
2.720000000000000000e+02
2.960000000000000000e+02
2.740000000000000000e+02
4.160000000000000000e+02
3.680000000000000000e+02
2.510000000000000000e+02
3.000000000000000000e+02
2.950000000000000000e+02
2.640000000000000000e+02
3.100000000000000000e+02
2.700000000000000000e+02
2.180000000000000000e+02
2.680000000000000000e+02
2.940000000000000000e+02
2.780000000000000000e+02
6.040000000000000000e+02
2.430000000000000000e+02
7.710000000000000000e+02
3.240000000000000000e+02
4.340000000000000000e+02
4.780000000000000000e+02
6.970000000000000000e+02
4.380000000000000000e+02
4.050000000000000000e+02
1.000000000000000000e+03
5.150000000000000000e+02
2.700000000000000000e+02
4.840000000000000000e+02
2.440000000000000000e+02
1.000000000000000000e+03
3.180000000000000000e+02
3.870000000000000000e+02
2.390000000000000000e+02
2.510000000000000000e+02
2.530000000000000000e+02
5.990000000000000000e+02
9.440000000000000000e+02
2.820000000000000000e+02
1.000000000000000000e+03
6.400000000000000000e+02
5.650000000000000000e+02
3.120000000000000000e+02
3.890000000000000000e+02
2.840000000000000000e+02
1.000000000000000000e+03
6.200000000000000000e+02
3.080000000000000000e+02
3.810000000000000000e+02
4.620000000000000000e+02
4.810000000000000000e+02
2.530000000000000000e+02
2.780000000000000000e+02
1.000000000000000000e+03
1.000000000000000000e+03
3.040000000000000000e+02
2.650000000000000000e+02
3.870000000000000000e+02
1.000000000000000000e+03
3.260000000000000000e+02
1.000000000000000000e+03
4.190000000000000000e+02
5.750000000000000000e+02
5.520000000000000000e+02
7.680000000000000000e+02
6.340000000000000000e+02
2.660000000000000000e+02
2.930000000000000000e+02
2.490000000000000000e+02
4.440000000000000000e+02
2.760000000000000000e+02
2.480000000000000000e+02
2.290000000000000000e+02
2.650000000000000000e+02
1.000000000000000000e+03
2.200000000000000000e+02
1.000000000000000000e+03
1.000000000000000000e+03
3.150000000000000000e+02
2.920000000000000000e+02
4.110000000000000000e+02
3.040000000000000000e+02
4.650000000000000000e+02
2.760000000000000000e+02
2.910000000000000000e+02
2.630000000000000000e+02
3.970000000000000000e+02
4.860000000000000000e+02
4.450000000000000000e+02
2.420000000000000000e+02
7.720000000000000000e+02
5.430000000000000000e+02
2.440000000000000000e+02
2.480000000000000000e+02
3.160000000000000000e+02
2.280000000000000000e+02
3.130000000000000000e+02
4.430000000000000000e+02
2.640000000000000000e+02
3.270000000000000000e+02
3.020000000000000000e+02
2.260000000000000000e+02
2.610000000000000000e+02
6.800000000000000000e+02
2.800000000000000000e+02
2.680000000000000000e+02
2.430000000000000000e+02
4.680000000000000000e+02
2.390000000000000000e+02
5.580000000000000000e+02
2.450000000000000000e+02
2.560000000000000000e+02
2.860000000000000000e+02
6.240000000000000000e+02
4.750000000000000000e+02
4.890000000000000000e+02
2.540000000000000000e+02
2.720000000000000000e+02
4.770000000000000000e+02
2.890000000000000000e+02
5.060000000000000000e+02
1.000000000000000000e+03
2.650000000000000000e+02
2.280000000000000000e+02
4.090000000000000000e+02
2.580000000000000000e+02
1.000000000000000000e+03
2.560000000000000000e+02
1.000000000000000000e+03
2.380000000000000000e+02
3.110000000000000000e+02
2.470000000000000000e+02
3.000000000000000000e+02
3.180000000000000000e+02
3.460000000000000000e+02
2.530000000000000000e+02
2.080000000000000000e+02
2.870000000000000000e+02
2.390000000000000000e+02
2.730000000000000000e+02
2.260000000000000000e+02
2.600000000000000000e+02
4.690000000000000000e+02
4.590000000000000000e+02
2.890000000000000000e+02
2.930000000000000000e+02
2.580000000000000000e+02
1.000000000000000000e+03
4.160000000000000000e+02
4.610000000000000000e+02
2.530000000000000000e+02
2.500000000000000000e+02
1.000000000000000000e+03
5.560000000000000000e+02
1.000000000000000000e+03
3.010000000000000000e+02
2.340000000000000000e+02
2.580000000000000000e+02
4.510000000000000000e+02
5.000000000000000000e+02
2.850000000000000000e+02
2.300000000000000000e+02
2.250000000000000000e+02
2.950000000000000000e+02
8.570000000000000000e+02
1.000000000000000000e+03
8.450000000000000000e+02
3.730000000000000000e+02
1.000000000000000000e+03
2.410000000000000000e+02
2.350000000000000000e+02
4.280000000000000000e+02
4.470000000000000000e+02
4.470000000000000000e+02
2.490000000000000000e+02
6.160000000000000000e+02
4.730000000000000000e+02
2.630000000000000000e+02
2.870000000000000000e+02
2.880000000000000000e+02
2.980000000000000000e+02
3.170000000000000000e+02
2.140000000000000000e+02
2.680000000000000000e+02
2.650000000000000000e+02
2.720000000000000000e+02
2.460000000000000000e+02
3.590000000000000000e+02
2.530000000000000000e+02
2.600000000000000000e+02
2.990000000000000000e+02
1.000000000000000000e+03
3.380000000000000000e+02
5.280000000000000000e+02
2.680000000000000000e+02
4.270000000000000000e+02
2.970000000000000000e+02
3.790000000000000000e+02
2.940000000000000000e+02
5.050000000000000000e+02
2.900000000000000000e+02
9.210000000000000000e+02
2.880000000000000000e+02
5.770000000000000000e+02
5.390000000000000000e+02
2.270000000000000000e+02
3.300000000000000000e+02
2.560000000000000000e+02
4.760000000000000000e+02
4.170000000000000000e+02
2.530000000000000000e+02
1.000000000000000000e+03
3.010000000000000000e+02
3.990000000000000000e+02
1.000000000000000000e+03
4.870000000000000000e+02
6.520000000000000000e+02
3.570000000000000000e+02
2.530000000000000000e+02
2.390000000000000000e+02
3.340000000000000000e+02
6.730000000000000000e+02
1.000000000000000000e+03
2.830000000000000000e+02
2.740000000000000000e+02
2.430000000000000000e+02
1.000000000000000000e+03
2.830000000000000000e+02
2.910000000000000000e+02
2.650000000000000000e+02
4.790000000000000000e+02
2.760000000000000000e+02
4.680000000000000000e+02
2.420000000000000000e+02
2.930000000000000000e+02
2.570000000000000000e+02
4.420000000000000000e+02
3.850000000000000000e+02
2.360000000000000000e+02
4.260000000000000000e+02
3.610000000000000000e+02
2.480000000000000000e+02
2.230000000000000000e+02
3.450000000000000000e+02
1.000000000000000000e+03
1.000000000000000000e+03
4.450000000000000000e+02
3.000000000000000000e+02
3.800000000000000000e+02
2.720000000000000000e+02
4.690000000000000000e+02
2.840000000000000000e+02
2.560000000000000000e+02
3.150000000000000000e+02
3.520000000000000000e+02
1.000000000000000000e+03
7.230000000000000000e+02
4.290000000000000000e+02
1.000000000000000000e+03
5.110000000000000000e+02
2.860000000000000000e+02
2.970000000000000000e+02
8.170000000000000000e+02
2.950000000000000000e+02
2.900000000000000000e+02
2.500000000000000000e+02
6.500000000000000000e+02
4.740000000000000000e+02
2.690000000000000000e+02
4.700000000000000000e+02
8.710000000000000000e+02
2.320000000000000000e+02
4.890000000000000000e+02
3.010000000000000000e+02
1.000000000000000000e+03
6.160000000000000000e+02
2.930000000000000000e+02
4.590000000000000000e+02
1.000000000000000000e+03
2.770000000000000000e+02
2.280000000000000000e+02
2.480000000000000000e+02
7.250000000000000000e+02
2.590000000000000000e+02
2.310000000000000000e+02
2.860000000000000000e+02
2.030000000000000000e+02
3.310000000000000000e+02
3.340000000000000000e+02
5.300000000000000000e+02
4.190000000000000000e+02
4.180000000000000000e+02
5.860000000000000000e+02
4.600000000000000000e+02
2.770000000000000000e+02
2.340000000000000000e+02
5.730000000000000000e+02
2.210000000000000000e+02
2.520000000000000000e+02
2.610000000000000000e+02
4.650000000000000000e+02
1.000000000000000000e+03
2.480000000000000000e+02
2.510000000000000000e+02
5.890000000000000000e+02
4.730000000000000000e+02
3.980000000000000000e+02
4.950000000000000000e+02
2.460000000000000000e+02
2.920000000000000000e+02
4.590000000000000000e+02
2.780000000000000000e+02
3.330000000000000000e+02
2.170000000000000000e+02
3.590000000000000000e+02
6.560000000000000000e+02
2.410000000000000000e+02
6.520000000000000000e+02
2.220000000000000000e+02
2.240000000000000000e+02
4.580000000000000000e+02
2.290000000000000000e+02
4.330000000000000000e+02
2.700000000000000000e+02
1.000000000000000000e+03
3.420000000000000000e+02
3.910000000000000000e+02
6.130000000000000000e+02
2.700000000000000000e+02
1.000000000000000000e+03
3.150000000000000000e+02
2.600000000000000000e+02
2.560000000000000000e+02
2.250000000000000000e+02
1.000000000000000000e+03
4.370000000000000000e+02
1.000000000000000000e+03
1.000000000000000000e+03
6.950000000000000000e+02
8.930000000000000000e+02
4.090000000000000000e+02
3.200000000000000000e+02
4.480000000000000000e+02
3.720000000000000000e+02
3.760000000000000000e+02
4.600000000000000000e+02
4.980000000000000000e+02
3.020000000000000000e+02
2.470000000000000000e+02
2.730000000000000000e+02
1.470000000000000000e+02
5.080000000000000000e+02
4.180000000000000000e+02
3.130000000000000000e+02
2.010000000000000000e+02
2.680000000000000000e+02
2.010000000000000000e+02
2.320000000000000000e+02
5.420000000000000000e+02
1.000000000000000000e+03
4.040000000000000000e+02
1.000000000000000000e+03
4.210000000000000000e+02
3.090000000000000000e+02
1.000000000000000000e+03
2.710000000000000000e+02
2.880000000000000000e+02
3.050000000000000000e+02
2.750000000000000000e+02
3.030000000000000000e+02
2.220000000000000000e+02
2.200000000000000000e+02
1.000000000000000000e+03
2.350000000000000000e+02
2.900000000000000000e+02
8.430000000000000000e+02
2.740000000000000000e+02
2.000000000000000000e+02
2.500000000000000000e+02
2.350000000000000000e+02
2.590000000000000000e+02
2.510000000000000000e+02
2.420000000000000000e+02
2.430000000000000000e+02
2.530000000000000000e+02
4.810000000000000000e+02
4.000000000000000000e+02
2.800000000000000000e+02
2.960000000000000000e+02
7.420000000000000000e+02
2.600000000000000000e+02
3.140000000000000000e+02
2.640000000000000000e+02
4.080000000000000000e+02
4.100000000000000000e+02
2.790000000000000000e+02
1.960000000000000000e+02
4.420000000000000000e+02
1.490000000000000000e+02
2.450000000000000000e+02
2.640000000000000000e+02
2.290000000000000000e+02
2.200000000000000000e+02
3.090000000000000000e+02
1.000000000000000000e+03
3.320000000000000000e+02
2.850000000000000000e+02
3.050000000000000000e+02
8.640000000000000000e+02
2.310000000000000000e+02
5.340000000000000000e+02
3.980000000000000000e+02
3.020000000000000000e+02
5.120000000000000000e+02
2.790000000000000000e+02
2.100000000000000000e+02
2.730000000000000000e+02
5.530000000000000000e+02
2.440000000000000000e+02
2.470000000000000000e+02
2.830000000000000000e+02
3.650000000000000000e+02
2.720000000000000000e+02
5.720000000000000000e+02
2.080000000000000000e+02
6.690000000000000000e+02
4.710000000000000000e+02
1.000000000000000000e+03
2.820000000000000000e+02
2.470000000000000000e+02
2.510000000000000000e+02
2.550000000000000000e+02
2.660000000000000000e+02
1.000000000000000000e+03
2.450000000000000000e+02
6.230000000000000000e+02
2.730000000000000000e+02
2.060000000000000000e+02
2.340000000000000000e+02
3.240000000000000000e+02
3.670000000000000000e+02
5.350000000000000000e+02
4.130000000000000000e+02
2.800000000000000000e+02
2.550000000000000000e+02
5.860000000000000000e+02
3.210000000000000000e+02
3.440000000000000000e+02
2.430000000000000000e+02
2.300000000000000000e+02
2.440000000000000000e+02
2.560000000000000000e+02
2.330000000000000000e+02
2.600000000000000000e+02
2.490000000000000000e+02
2.420000000000000000e+02
7.510000000000000000e+02
2.660000000000000000e+02
4.280000000000000000e+02
2.640000000000000000e+02
2.950000000000000000e+02
4.140000000000000000e+02
2.340000000000000000e+02
1.000000000000000000e+03
4.830000000000000000e+02
4.440000000000000000e+02
2.510000000000000000e+02
4.920000000000000000e+02
5.160000000000000000e+02
2.200000000000000000e+02
5.010000000000000000e+02
2.400000000000000000e+02
2.650000000000000000e+02
3.320000000000000000e+02
6.570000000000000000e+02
2.200000000000000000e+02
4.820000000000000000e+02
3.030000000000000000e+02
4.010000000000000000e+02
5.050000000000000000e+02
2.860000000000000000e+02
8.220000000000000000e+02
2.430000000000000000e+02
2.680000000000000000e+02
3.090000000000000000e+02
2.750000000000000000e+02
4.540000000000000000e+02
4.170000000000000000e+02
6.950000000000000000e+02
2.790000000000000000e+02
4.300000000000000000e+02
1.960000000000000000e+02
3.170000000000000000e+02
2.480000000000000000e+02
3.020000000000000000e+02
2.810000000000000000e+02
4.660000000000000000e+02
2.190000000000000000e+02
4.480000000000000000e+02
2.770000000000000000e+02
1.000000000000000000e+03
1.000000000000000000e+03
3.500000000000000000e+02
1.000000000000000000e+03
1.000000000000000000e+03
8.030000000000000000e+02
3.680000000000000000e+02
3.140000000000000000e+02
1.000000000000000000e+03
5.200000000000000000e+02
2.830000000000000000e+02
2.330000000000000000e+02
3.200000000000000000e+02
3.640000000000000000e+02
2.750000000000000000e+02
2.520000000000000000e+02
6.440000000000000000e+02
4.450000000000000000e+02
3.310000000000000000e+02
1.000000000000000000e+03
1.000000000000000000e+03
6.310000000000000000e+02
1.000000000000000000e+03
2.460000000000000000e+02
1.000000000000000000e+03
2.780000000000000000e+02
2.360000000000000000e+02
2.500000000000000000e+02
2.750000000000000000e+02
3.060000000000000000e+02
4.520000000000000000e+02
3.080000000000000000e+02
