1.000000000000000000e+03
3.730000000000000000e+02
1.000000000000000000e+03
1.000000000000000000e+03
3.890000000000000000e+02
1.000000000000000000e+03
1.000000000000000000e+03
1.000000000000000000e+03
1.000000000000000000e+03
1.000000000000000000e+03
1.000000000000000000e+03
4.760000000000000000e+02
1.000000000000000000e+03
1.000000000000000000e+03
7.020000000000000000e+02
6.910000000000000000e+02
1.000000000000000000e+03
1.000000000000000000e+03
1.000000000000000000e+03
1.000000000000000000e+03
1.000000000000000000e+03
1.000000000000000000e+03
1.000000000000000000e+03
1.000000000000000000e+03
6.590000000000000000e+02
1.000000000000000000e+03
1.000000000000000000e+03
3.280000000000000000e+02
7.140000000000000000e+02
1.000000000000000000e+03
1.000000000000000000e+03
2.810000000000000000e+02
1.000000000000000000e+03
2.700000000000000000e+02
2.450000000000000000e+02
5.850000000000000000e+02
1.000000000000000000e+03
1.000000000000000000e+03
1.000000000000000000e+03
1.000000000000000000e+03
1.000000000000000000e+03
1.000000000000000000e+03
1.000000000000000000e+03
5.500000000000000000e+02
1.000000000000000000e+03
1.000000000000000000e+03
1.000000000000000000e+03
1.000000000000000000e+03
1.000000000000000000e+03
1.000000000000000000e+03
1.000000000000000000e+03
1.000000000000000000e+03
1.000000000000000000e+03
1.000000000000000000e+03
6.650000000000000000e+02
1.000000000000000000e+03
1.000000000000000000e+03
1.000000000000000000e+03
1.000000000000000000e+03
1.000000000000000000e+03
1.000000000000000000e+03
6.750000000000000000e+02
1.000000000000000000e+03
1.000000000000000000e+03
1.000000000000000000e+03
1.000000000000000000e+03
1.000000000000000000e+03
3.400000000000000000e+02
1.000000000000000000e+03
1.000000000000000000e+03
1.000000000000000000e+03
1.000000000000000000e+03
1.000000000000000000e+03
1.000000000000000000e+03
2.880000000000000000e+02
1.000000000000000000e+03
2.520000000000000000e+02
1.000000000000000000e+03
1.000000000000000000e+03
4.950000000000000000e+02
1.000000000000000000e+03
1.000000000000000000e+03
1.000000000000000000e+03
1.000000000000000000e+03
1.000000000000000000e+03
1.000000000000000000e+03
7.920000000000000000e+02
3.770000000000000000e+02
3.670000000000000000e+02
2.980000000000000000e+02
1.000000000000000000e+03
1.000000000000000000e+03
1.000000000000000000e+03
1.000000000000000000e+03
1.000000000000000000e+03
7.710000000000000000e+02
8.710000000000000000e+02
5.390000000000000000e+02
1.000000000000000000e+03
1.000000000000000000e+03
8.580000000000000000e+02
1.000000000000000000e+03
1.000000000000000000e+03
1.000000000000000000e+03
1.000000000000000000e+03
1.000000000000000000e+03
1.000000000000000000e+03
2.040000000000000000e+02
1.000000000000000000e+03
1.000000000000000000e+03
1.000000000000000000e+03
8.050000000000000000e+02
1.000000000000000000e+03
1.000000000000000000e+03
1.000000000000000000e+03
1.000000000000000000e+03
1.000000000000000000e+03
7.190000000000000000e+02
5.550000000000000000e+02
1.000000000000000000e+03
1.000000000000000000e+03
4.570000000000000000e+02
1.000000000000000000e+03
1.000000000000000000e+03
1.000000000000000000e+03
4.850000000000000000e+02
1.000000000000000000e+03
4.390000000000000000e+02
1.000000000000000000e+03
1.000000000000000000e+03
1.000000000000000000e+03
8.540000000000000000e+02
1.000000000000000000e+03
1.000000000000000000e+03
2.910000000000000000e+02
9.630000000000000000e+02
1.000000000000000000e+03
1.000000000000000000e+03
1.000000000000000000e+03
1.000000000000000000e+03
1.000000000000000000e+03
1.000000000000000000e+03
4.440000000000000000e+02
1.000000000000000000e+03
1.000000000000000000e+03
1.000000000000000000e+03
1.000000000000000000e+03
6.160000000000000000e+02
1.000000000000000000e+03
1.000000000000000000e+03
2.420000000000000000e+02
1.000000000000000000e+03
1.000000000000000000e+03
1.000000000000000000e+03
1.000000000000000000e+03
9.860000000000000000e+02
1.000000000000000000e+03
1.000000000000000000e+03
1.000000000000000000e+03
1.000000000000000000e+03
1.000000000000000000e+03
1.000000000000000000e+03
4.200000000000000000e+02
1.000000000000000000e+03
1.000000000000000000e+03
1.000000000000000000e+03
1.000000000000000000e+03
1.000000000000000000e+03
1.000000000000000000e+03
3.380000000000000000e+02
1.000000000000000000e+03
1.000000000000000000e+03
1.000000000000000000e+03
1.000000000000000000e+03
1.000000000000000000e+03
5.390000000000000000e+02
1.000000000000000000e+03
1.000000000000000000e+03
1.000000000000000000e+03
1.000000000000000000e+03
1.000000000000000000e+03
3.310000000000000000e+02
1.000000000000000000e+03
1.000000000000000000e+03
1.000000000000000000e+03
1.000000000000000000e+03
1.000000000000000000e+03
3.760000000000000000e+02
3.010000000000000000e+02
1.000000000000000000e+03
1.000000000000000000e+03
2.100000000000000000e+02
3.160000000000000000e+02
1.000000000000000000e+03
7.710000000000000000e+02
1.000000000000000000e+03
1.000000000000000000e+03
1.000000000000000000e+03
1.000000000000000000e+03
1.000000000000000000e+03
1.000000000000000000e+03
1.000000000000000000e+03
1.000000000000000000e+03
1.000000000000000000e+03
1.000000000000000000e+03
1.000000000000000000e+03
1.000000000000000000e+03
4.370000000000000000e+02
1.000000000000000000e+03
1.000000000000000000e+03
1.000000000000000000e+03
1.000000000000000000e+03
3.880000000000000000e+02
1.000000000000000000e+03
1.000000000000000000e+03
1.000000000000000000e+03
1.000000000000000000e+03
1.000000000000000000e+03
1.000000000000000000e+03
3.420000000000000000e+02
1.000000000000000000e+03
1.000000000000000000e+03
1.000000000000000000e+03
1.000000000000000000e+03
1.000000000000000000e+03
7.830000000000000000e+02
2.510000000000000000e+02
1.000000000000000000e+03
1.000000000000000000e+03
1.000000000000000000e+03
1.000000000000000000e+03
1.000000000000000000e+03
1.000000000000000000e+03
1.000000000000000000e+03
1.000000000000000000e+03
1.000000000000000000e+03
1.000000000000000000e+03
3.550000000000000000e+02
7.990000000000000000e+02
6.190000000000000000e+02
2.850000000000000000e+02
1.000000000000000000e+03
1.000000000000000000e+03
1.000000000000000000e+03
1.000000000000000000e+03
1.000000000000000000e+03
1.000000000000000000e+03
1.000000000000000000e+03
4.010000000000000000e+02
1.000000000000000000e+03
1.000000000000000000e+03
1.000000000000000000e+03
3.130000000000000000e+02
1.000000000000000000e+03
4.540000000000000000e+02
1.000000000000000000e+03
1.000000000000000000e+03
1.000000000000000000e+03
1.000000000000000000e+03
1.000000000000000000e+03
1.000000000000000000e+03
1.000000000000000000e+03
1.000000000000000000e+03
1.000000000000000000e+03
1.000000000000000000e+03
1.000000000000000000e+03
1.000000000000000000e+03
1.000000000000000000e+03
1.000000000000000000e+03
1.000000000000000000e+03
1.000000000000000000e+03
1.000000000000000000e+03
1.000000000000000000e+03
8.270000000000000000e+02
1.000000000000000000e+03
1.000000000000000000e+03
1.000000000000000000e+03
1.000000000000000000e+03
1.000000000000000000e+03
1.000000000000000000e+03
1.000000000000000000e+03
2.970000000000000000e+02
1.000000000000000000e+03
1.000000000000000000e+03
1.000000000000000000e+03
1.000000000000000000e+03
1.000000000000000000e+03
3.500000000000000000e+02
1.000000000000000000e+03
1.000000000000000000e+03
1.000000000000000000e+03
1.000000000000000000e+03
3.990000000000000000e+02
1.000000000000000000e+03
1.000000000000000000e+03
1.000000000000000000e+03
1.000000000000000000e+03
8.800000000000000000e+02
1.000000000000000000e+03
1.000000000000000000e+03
6.050000000000000000e+02
6.200000000000000000e+02
1.000000000000000000e+03
7.770000000000000000e+02
1.000000000000000000e+03
1.000000000000000000e+03
1.000000000000000000e+03
1.000000000000000000e+03
2.740000000000000000e+02
2.350000000000000000e+02
4.470000000000000000e+02
9.740000000000000000e+02
1.000000000000000000e+03
9.100000000000000000e+02
6.090000000000000000e+02
1.000000000000000000e+03
3.630000000000000000e+02
3.130000000000000000e+02
4.930000000000000000e+02
6.060000000000000000e+02
1.000000000000000000e+03
6.140000000000000000e+02
1.000000000000000000e+03
1.000000000000000000e+03
4.740000000000000000e+02
1.000000000000000000e+03
1.000000000000000000e+03
2.930000000000000000e+02
1.000000000000000000e+03
2.240000000000000000e+02
1.000000000000000000e+03
4.070000000000000000e+02
1.000000000000000000e+03
1.000000000000000000e+03
3.060000000000000000e+02
1.000000000000000000e+03
1.000000000000000000e+03
2.540000000000000000e+02
1.000000000000000000e+03
1.000000000000000000e+03
1.000000000000000000e+03
1.000000000000000000e+03
1.000000000000000000e+03
1.000000000000000000e+03
1.000000000000000000e+03
5.670000000000000000e+02
2.790000000000000000e+02
1.000000000000000000e+03
1.000000000000000000e+03
2.670000000000000000e+02
4.280000000000000000e+02
1.000000000000000000e+03
1.000000000000000000e+03
2.630000000000000000e+02
2.830000000000000000e+02
1.000000000000000000e+03
1.000000000000000000e+03
2.500000000000000000e+02
1.000000000000000000e+03
4.950000000000000000e+02
1.000000000000000000e+03
3.700000000000000000e+02
4.920000000000000000e+02
7.140000000000000000e+02
1.000000000000000000e+03
6.030000000000000000e+02
1.000000000000000000e+03
1.000000000000000000e+03
6.190000000000000000e+02
1.000000000000000000e+03
1.000000000000000000e+03
1.000000000000000000e+03
6.260000000000000000e+02
1.000000000000000000e+03
4.340000000000000000e+02
1.000000000000000000e+03
3.190000000000000000e+02
1.000000000000000000e+03
2.200000000000000000e+02
1.000000000000000000e+03
1.000000000000000000e+03
1.000000000000000000e+03
2.800000000000000000e+02
1.000000000000000000e+03
1.000000000000000000e+03
1.000000000000000000e+03
8.040000000000000000e+02
1.000000000000000000e+03
1.000000000000000000e+03
2.800000000000000000e+02
1.000000000000000000e+03
5.120000000000000000e+02
1.000000000000000000e+03
1.000000000000000000e+03
9.070000000000000000e+02
4.450000000000000000e+02
1.000000000000000000e+03
4.610000000000000000e+02
1.000000000000000000e+03
1.000000000000000000e+03
1.000000000000000000e+03
1.000000000000000000e+03
1.000000000000000000e+03
1.000000000000000000e+03
3.540000000000000000e+02
1.000000000000000000e+03
1.000000000000000000e+03
2.790000000000000000e+02
1.000000000000000000e+03
9.540000000000000000e+02
5.040000000000000000e+02
1.000000000000000000e+03
1.000000000000000000e+03
1.000000000000000000e+03
1.000000000000000000e+03
7.040000000000000000e+02
1.000000000000000000e+03
1.000000000000000000e+03
1.000000000000000000e+03
1.000000000000000000e+03
1.000000000000000000e+03
2.310000000000000000e+02
1.000000000000000000e+03
3.950000000000000000e+02
3.080000000000000000e+02
1.000000000000000000e+03
1.000000000000000000e+03
1.000000000000000000e+03
2.500000000000000000e+02
2.780000000000000000e+02
1.000000000000000000e+03
1.000000000000000000e+03
1.000000000000000000e+03
1.000000000000000000e+03
1.000000000000000000e+03
1.000000000000000000e+03
2.590000000000000000e+02
1.000000000000000000e+03
1.000000000000000000e+03
4.810000000000000000e+02
1.000000000000000000e+03
1.000000000000000000e+03
1.000000000000000000e+03
2.350000000000000000e+02
1.000000000000000000e+03
2.600000000000000000e+02
1.000000000000000000e+03
1.000000000000000000e+03
4.730000000000000000e+02
2.650000000000000000e+02
1.000000000000000000e+03
1.000000000000000000e+03
2.480000000000000000e+02
1.000000000000000000e+03
1.000000000000000000e+03
1.000000000000000000e+03
1.000000000000000000e+03
7.400000000000000000e+02
1.000000000000000000e+03
1.000000000000000000e+03
3.420000000000000000e+02
1.000000000000000000e+03
9.590000000000000000e+02
8.350000000000000000e+02
1.000000000000000000e+03
1.000000000000000000e+03
1.000000000000000000e+03
1.000000000000000000e+03
1.000000000000000000e+03
1.000000000000000000e+03
1.000000000000000000e+03
1.000000000000000000e+03
1.000000000000000000e+03
1.000000000000000000e+03
1.000000000000000000e+03
3.430000000000000000e+02
2.940000000000000000e+02
1.000000000000000000e+03
4.520000000000000000e+02
1.000000000000000000e+03
3.200000000000000000e+02
4.270000000000000000e+02
1.000000000000000000e+03
3.310000000000000000e+02
1.000000000000000000e+03
1.000000000000000000e+03
4.450000000000000000e+02
1.000000000000000000e+03
1.000000000000000000e+03
1.000000000000000000e+03
1.000000000000000000e+03
4.540000000000000000e+02
1.000000000000000000e+03
1.000000000000000000e+03
5.570000000000000000e+02
3.160000000000000000e+02
3.000000000000000000e+02
1.000000000000000000e+03
1.000000000000000000e+03
1.000000000000000000e+03
1.000000000000000000e+03
1.000000000000000000e+03
1.000000000000000000e+03
1.000000000000000000e+03
2.990000000000000000e+02
2.530000000000000000e+02
1.000000000000000000e+03
1.000000000000000000e+03
3.720000000000000000e+02
6.790000000000000000e+02
1.000000000000000000e+03
1.000000000000000000e+03
1.000000000000000000e+03
1.000000000000000000e+03
1.000000000000000000e+03
5.280000000000000000e+02
7.410000000000000000e+02
1.000000000000000000e+03
3.700000000000000000e+02
2.950000000000000000e+02
6.370000000000000000e+02
7.480000000000000000e+02
6.130000000000000000e+02
3.650000000000000000e+02
1.000000000000000000e+03
1.000000000000000000e+03
1.000000000000000000e+03
9.410000000000000000e+02
5.110000000000000000e+02
1.000000000000000000e+03
3.890000000000000000e+02
1.000000000000000000e+03
1.000000000000000000e+03
4.880000000000000000e+02
1.000000000000000000e+03
1.000000000000000000e+03
3.390000000000000000e+02
1.000000000000000000e+03
1.000000000000000000e+03
1.000000000000000000e+03
1.000000000000000000e+03
1.000000000000000000e+03
1.000000000000000000e+03
3.680000000000000000e+02
3.500000000000000000e+02
1.000000000000000000e+03
1.000000000000000000e+03
1.000000000000000000e+03
1.000000000000000000e+03
2.520000000000000000e+02
8.410000000000000000e+02
2.710000000000000000e+02
2.460000000000000000e+02
1.000000000000000000e+03
1.000000000000000000e+03
1.000000000000000000e+03
9.120000000000000000e+02
7.030000000000000000e+02
3.160000000000000000e+02
1.000000000000000000e+03
1.000000000000000000e+03
1.000000000000000000e+03
3.740000000000000000e+02
1.000000000000000000e+03
1.000000000000000000e+03
4.270000000000000000e+02
1.000000000000000000e+03
1.000000000000000000e+03
1.000000000000000000e+03
3.920000000000000000e+02
1.000000000000000000e+03
1.000000000000000000e+03
1.000000000000000000e+03
1.000000000000000000e+03
1.000000000000000000e+03
1.000000000000000000e+03
1.000000000000000000e+03
1.000000000000000000e+03
1.000000000000000000e+03
1.000000000000000000e+03
1.000000000000000000e+03
1.000000000000000000e+03
8.710000000000000000e+02
3.800000000000000000e+02
1.000000000000000000e+03
1.000000000000000000e+03
1.000000000000000000e+03
4.700000000000000000e+02
1.000000000000000000e+03
6.680000000000000000e+02
2.670000000000000000e+02
4.950000000000000000e+02
1.000000000000000000e+03
1.000000000000000000e+03
1.000000000000000000e+03
1.000000000000000000e+03
1.000000000000000000e+03
2.740000000000000000e+02
6.270000000000000000e+02
1.000000000000000000e+03
1.000000000000000000e+03
2.940000000000000000e+02
1.000000000000000000e+03
1.000000000000000000e+03
1.000000000000000000e+03
6.640000000000000000e+02
1.000000000000000000e+03
1.000000000000000000e+03
1.000000000000000000e+03
4.700000000000000000e+02
1.000000000000000000e+03
1.000000000000000000e+03
1.000000000000000000e+03
1.000000000000000000e+03
5.090000000000000000e+02
1.000000000000000000e+03
2.620000000000000000e+02
1.000000000000000000e+03
4.440000000000000000e+02
1.000000000000000000e+03
1.000000000000000000e+03
1.000000000000000000e+03
1.000000000000000000e+03
1.000000000000000000e+03
1.000000000000000000e+03
1.000000000000000000e+03
6.550000000000000000e+02
1.000000000000000000e+03
1.000000000000000000e+03
1.000000000000000000e+03
1.000000000000000000e+03
1.000000000000000000e+03
1.000000000000000000e+03
1.000000000000000000e+03
1.000000000000000000e+03
1.000000000000000000e+03
1.000000000000000000e+03
1.000000000000000000e+03
4.940000000000000000e+02
1.000000000000000000e+03
1.000000000000000000e+03
1.000000000000000000e+03
1.000000000000000000e+03
1.000000000000000000e+03
3.310000000000000000e+02
1.000000000000000000e+03
1.000000000000000000e+03
2.550000000000000000e+02
1.000000000000000000e+03
1.000000000000000000e+03
1.000000000000000000e+03
8.220000000000000000e+02
5.650000000000000000e+02
3.430000000000000000e+02
6.270000000000000000e+02
1.000000000000000000e+03
2.140000000000000000e+02
1.000000000000000000e+03
1.000000000000000000e+03
1.000000000000000000e+03
1.000000000000000000e+03
1.000000000000000000e+03
1.000000000000000000e+03
1.000000000000000000e+03
1.000000000000000000e+03
1.000000000000000000e+03
6.310000000000000000e+02
1.000000000000000000e+03
1.000000000000000000e+03
1.000000000000000000e+03
1.000000000000000000e+03
1.000000000000000000e+03
1.000000000000000000e+03
1.000000000000000000e+03
1.000000000000000000e+03
1.000000000000000000e+03
1.000000000000000000e+03
4.690000000000000000e+02
1.000000000000000000e+03
1.000000000000000000e+03
1.000000000000000000e+03
1.000000000000000000e+03
1.000000000000000000e+03
7.230000000000000000e+02
1.000000000000000000e+03
1.000000000000000000e+03
1.000000000000000000e+03
9.880000000000000000e+02
1.000000000000000000e+03
1.000000000000000000e+03
2.830000000000000000e+02
1.000000000000000000e+03
2.370000000000000000e+02
1.000000000000000000e+03
4.240000000000000000e+02
4.810000000000000000e+02
1.000000000000000000e+03
1.000000000000000000e+03
8.100000000000000000e+02
1.000000000000000000e+03
4.790000000000000000e+02
1.000000000000000000e+03
4.710000000000000000e+02
1.000000000000000000e+03
1.000000000000000000e+03
1.000000000000000000e+03
1.000000000000000000e+03
1.000000000000000000e+03
1.000000000000000000e+03
1.000000000000000000e+03
1.000000000000000000e+03
1.000000000000000000e+03
6.560000000000000000e+02
1.000000000000000000e+03
1.000000000000000000e+03
2.690000000000000000e+02
1.000000000000000000e+03
1.000000000000000000e+03
1.000000000000000000e+03
3.180000000000000000e+02
1.000000000000000000e+03
5.840000000000000000e+02
1.000000000000000000e+03
7.500000000000000000e+02
1.000000000000000000e+03
1.000000000000000000e+03
1.000000000000000000e+03
1.000000000000000000e+03
1.000000000000000000e+03
1.000000000000000000e+03
4.820000000000000000e+02
1.000000000000000000e+03
1.000000000000000000e+03
1.000000000000000000e+03
1.000000000000000000e+03
1.000000000000000000e+03
1.000000000000000000e+03
1.000000000000000000e+03
1.000000000000000000e+03
4.830000000000000000e+02
1.000000000000000000e+03
4.770000000000000000e+02
8.260000000000000000e+02
1.000000000000000000e+03
1.000000000000000000e+03
2.720000000000000000e+02
1.000000000000000000e+03
1.000000000000000000e+03
1.000000000000000000e+03
1.000000000000000000e+03
4.450000000000000000e+02
9.840000000000000000e+02
8.050000000000000000e+02
1.000000000000000000e+03
1.000000000000000000e+03
1.000000000000000000e+03
1.000000000000000000e+03
1.000000000000000000e+03
7.170000000000000000e+02
6.810000000000000000e+02
1.000000000000000000e+03
9.640000000000000000e+02
4.740000000000000000e+02
3.780000000000000000e+02
5.470000000000000000e+02
1.000000000000000000e+03
2.630000000000000000e+02
9.940000000000000000e+02
1.000000000000000000e+03
1.000000000000000000e+03
1.000000000000000000e+03
1.000000000000000000e+03
1.000000000000000000e+03
1.000000000000000000e+03
3.180000000000000000e+02
3.150000000000000000e+02
5.710000000000000000e+02
1.000000000000000000e+03
1.000000000000000000e+03
1.000000000000000000e+03
1.000000000000000000e+03
4.440000000000000000e+02
1.000000000000000000e+03
3.040000000000000000e+02
1.000000000000000000e+03
4.840000000000000000e+02
1.000000000000000000e+03
2.530000000000000000e+02
1.000000000000000000e+03
2.400000000000000000e+02
1.000000000000000000e+03
1.000000000000000000e+03
3.410000000000000000e+02
1.000000000000000000e+03
7.410000000000000000e+02
1.000000000000000000e+03
1.000000000000000000e+03
1.000000000000000000e+03
4.360000000000000000e+02
2.570000000000000000e+02
1.000000000000000000e+03
2.170000000000000000e+02
1.000000000000000000e+03
1.000000000000000000e+03
1.000000000000000000e+03
4.300000000000000000e+02
1.000000000000000000e+03
1.000000000000000000e+03
2.480000000000000000e+02
1.000000000000000000e+03
2.170000000000000000e+02
1.000000000000000000e+03
1.000000000000000000e+03
2.560000000000000000e+02
1.000000000000000000e+03
7.390000000000000000e+02
1.000000000000000000e+03
1.000000000000000000e+03
1.000000000000000000e+03
1.000000000000000000e+03
2.990000000000000000e+02
1.000000000000000000e+03
2.700000000000000000e+02
7.420000000000000000e+02
6.890000000000000000e+02
1.000000000000000000e+03
1.000000000000000000e+03
2.870000000000000000e+02
5.930000000000000000e+02
1.000000000000000000e+03
1.000000000000000000e+03
7.980000000000000000e+02
1.000000000000000000e+03
1.000000000000000000e+03
1.000000000000000000e+03
1.000000000000000000e+03
1.000000000000000000e+03
3.180000000000000000e+02
1.000000000000000000e+03
4.150000000000000000e+02
5.960000000000000000e+02
8.530000000000000000e+02
1.000000000000000000e+03
1.000000000000000000e+03
1.000000000000000000e+03
1.000000000000000000e+03
1.000000000000000000e+03
1.000000000000000000e+03
1.000000000000000000e+03
1.000000000000000000e+03
1.000000000000000000e+03
4.360000000000000000e+02
1.000000000000000000e+03
1.000000000000000000e+03
1.000000000000000000e+03
1.000000000000000000e+03
2.770000000000000000e+02
1.000000000000000000e+03
1.000000000000000000e+03
1.000000000000000000e+03
1.000000000000000000e+03
6.690000000000000000e+02
1.000000000000000000e+03
2.850000000000000000e+02
2.880000000000000000e+02
5.530000000000000000e+02
1.000000000000000000e+03
1.000000000000000000e+03
1.000000000000000000e+03
1.000000000000000000e+03
1.000000000000000000e+03
1.000000000000000000e+03
1.000000000000000000e+03
1.000000000000000000e+03
1.000000000000000000e+03
1.000000000000000000e+03
7.530000000000000000e+02
1.000000000000000000e+03
1.000000000000000000e+03
1.000000000000000000e+03
1.000000000000000000e+03
1.000000000000000000e+03
1.000000000000000000e+03
1.000000000000000000e+03
1.000000000000000000e+03
4.680000000000000000e+02
3.650000000000000000e+02
1.000000000000000000e+03
1.000000000000000000e+03
1.000000000000000000e+03
1.000000000000000000e+03
2.850000000000000000e+02
7.570000000000000000e+02
1.000000000000000000e+03
2.830000000000000000e+02
1.000000000000000000e+03
6.380000000000000000e+02
1.000000000000000000e+03
1.000000000000000000e+03
4.440000000000000000e+02
1.000000000000000000e+03
1.000000000000000000e+03
1.000000000000000000e+03
1.000000000000000000e+03
2.240000000000000000e+02
1.000000000000000000e+03
2.920000000000000000e+02
1.000000000000000000e+03
1.000000000000000000e+03
2.260000000000000000e+02
1.000000000000000000e+03
1.000000000000000000e+03
3.940000000000000000e+02
1.000000000000000000e+03
7.030000000000000000e+02
1.000000000000000000e+03
1.000000000000000000e+03
1.000000000000000000e+03
3.050000000000000000e+02
1.000000000000000000e+03
5.390000000000000000e+02
1.000000000000000000e+03
1.000000000000000000e+03
1.000000000000000000e+03
1.000000000000000000e+03
1.000000000000000000e+03
1.000000000000000000e+03
1.000000000000000000e+03
1.000000000000000000e+03
1.000000000000000000e+03
1.000000000000000000e+03
1.000000000000000000e+03
2.440000000000000000e+02
1.000000000000000000e+03
1.000000000000000000e+03
1.000000000000000000e+03
5.920000000000000000e+02
5.420000000000000000e+02
1.000000000000000000e+03
1.000000000000000000e+03
1.000000000000000000e+03
7.940000000000000000e+02
1.000000000000000000e+03
1.000000000000000000e+03
1.000000000000000000e+03
1.000000000000000000e+03
1.000000000000000000e+03
1.000000000000000000e+03
1.000000000000000000e+03
1.000000000000000000e+03
1.000000000000000000e+03
1.000000000000000000e+03
1.000000000000000000e+03
1.000000000000000000e+03
1.000000000000000000e+03
1.000000000000000000e+03
1.000000000000000000e+03
3.040000000000000000e+02
1.000000000000000000e+03
9.430000000000000000e+02
2.910000000000000000e+02
1.000000000000000000e+03
1.000000000000000000e+03
1.000000000000000000e+03
1.000000000000000000e+03
1.000000000000000000e+03
1.000000000000000000e+03
2.890000000000000000e+02
1.000000000000000000e+03
2.700000000000000000e+02
1.000000000000000000e+03
1.000000000000000000e+03
1.000000000000000000e+03
1.000000000000000000e+03
1.000000000000000000e+03
1.000000000000000000e+03
1.000000000000000000e+03
1.000000000000000000e+03
1.000000000000000000e+03
3.280000000000000000e+02
1.000000000000000000e+03
2.800000000000000000e+02
1.000000000000000000e+03
1.000000000000000000e+03
1.000000000000000000e+03
1.000000000000000000e+03
1.000000000000000000e+03
3.860000000000000000e+02
1.000000000000000000e+03
1.000000000000000000e+03
8.890000000000000000e+02
1.000000000000000000e+03
1.000000000000000000e+03
7.710000000000000000e+02
2.360000000000000000e+02
1.000000000000000000e+03
3.660000000000000000e+02
1.000000000000000000e+03
1.000000000000000000e+03
1.000000000000000000e+03
