1.000000000000000000e+03
4.910000000000000000e+02
1.000000000000000000e+03
5.180000000000000000e+02
2.170000000000000000e+02
1.000000000000000000e+03
2.550000000000000000e+02
1.000000000000000000e+03
8.250000000000000000e+02
8.710000000000000000e+02
1.000000000000000000e+03
1.000000000000000000e+03
1.000000000000000000e+03
1.000000000000000000e+03
2.450000000000000000e+02
5.830000000000000000e+02
5.210000000000000000e+02
1.000000000000000000e+03
4.800000000000000000e+02
6.200000000000000000e+02
1.000000000000000000e+03
2.680000000000000000e+02
1.000000000000000000e+03
4.120000000000000000e+02
2.840000000000000000e+02
2.370000000000000000e+02
3.480000000000000000e+02
3.150000000000000000e+02
3.870000000000000000e+02
9.360000000000000000e+02
2.420000000000000000e+02
1.000000000000000000e+03
1.000000000000000000e+03
3.700000000000000000e+02
3.520000000000000000e+02
6.340000000000000000e+02
1.000000000000000000e+03
1.000000000000000000e+03
1.000000000000000000e+03
2.720000000000000000e+02
1.000000000000000000e+03
2.620000000000000000e+02
5.670000000000000000e+02
2.350000000000000000e+02
7.080000000000000000e+02
1.000000000000000000e+03
1.000000000000000000e+03
1.000000000000000000e+03
7.060000000000000000e+02
1.000000000000000000e+03
3.370000000000000000e+02
1.000000000000000000e+03
1.000000000000000000e+03
3.940000000000000000e+02
6.200000000000000000e+02
1.000000000000000000e+03
1.000000000000000000e+03
1.000000000000000000e+03
6.520000000000000000e+02
1.000000000000000000e+03
1.000000000000000000e+03
1.000000000000000000e+03
7.600000000000000000e+02
8.450000000000000000e+02
5.590000000000000000e+02
6.780000000000000000e+02
1.000000000000000000e+03
2.820000000000000000e+02
1.000000000000000000e+03
1.000000000000000000e+03
5.460000000000000000e+02
2.500000000000000000e+02
1.000000000000000000e+03
5.560000000000000000e+02
5.430000000000000000e+02
2.650000000000000000e+02
1.000000000000000000e+03
1.000000000000000000e+03
6.110000000000000000e+02
1.000000000000000000e+03
4.610000000000000000e+02
6.060000000000000000e+02
1.000000000000000000e+03
1.000000000000000000e+03
6.320000000000000000e+02
1.000000000000000000e+03
1.000000000000000000e+03
3.160000000000000000e+02
1.000000000000000000e+03
3.770000000000000000e+02
6.330000000000000000e+02
6.820000000000000000e+02
7.220000000000000000e+02
2.420000000000000000e+02
1.000000000000000000e+03
8.110000000000000000e+02
1.000000000000000000e+03
8.360000000000000000e+02
1.000000000000000000e+03
5.060000000000000000e+02
3.800000000000000000e+02
2.340000000000000000e+02
6.990000000000000000e+02
1.000000000000000000e+03
1.000000000000000000e+03
9.860000000000000000e+02
4.930000000000000000e+02
4.960000000000000000e+02
5.330000000000000000e+02
1.000000000000000000e+03
3.280000000000000000e+02
1.000000000000000000e+03
1.000000000000000000e+03
6.510000000000000000e+02
1.000000000000000000e+03
8.540000000000000000e+02
1.000000000000000000e+03
2.900000000000000000e+02
9.160000000000000000e+02
1.000000000000000000e+03
3.080000000000000000e+02
2.480000000000000000e+02
1.000000000000000000e+03
1.000000000000000000e+03
7.170000000000000000e+02
1.000000000000000000e+03
1.000000000000000000e+03
1.000000000000000000e+03
3.790000000000000000e+02
1.000000000000000000e+03
2.620000000000000000e+02
5.290000000000000000e+02
2.640000000000000000e+02
1.000000000000000000e+03
5.740000000000000000e+02
9.910000000000000000e+02
2.980000000000000000e+02
1.000000000000000000e+03
2.790000000000000000e+02
1.000000000000000000e+03
1.000000000000000000e+03
2.330000000000000000e+02
8.820000000000000000e+02
4.870000000000000000e+02
2.450000000000000000e+02
6.730000000000000000e+02
1.000000000000000000e+03
2.430000000000000000e+02
1.000000000000000000e+03
8.150000000000000000e+02
1.000000000000000000e+03
4.500000000000000000e+02
1.000000000000000000e+03
1.000000000000000000e+03
1.000000000000000000e+03
1.000000000000000000e+03
1.000000000000000000e+03
1.000000000000000000e+03
5.950000000000000000e+02
4.590000000000000000e+02
6.270000000000000000e+02
1.000000000000000000e+03
6.100000000000000000e+02
6.110000000000000000e+02
9.770000000000000000e+02
1.000000000000000000e+03
2.800000000000000000e+02
1.000000000000000000e+03
4.370000000000000000e+02
1.000000000000000000e+03
1.000000000000000000e+03
3.080000000000000000e+02
6.640000000000000000e+02
2.570000000000000000e+02
2.880000000000000000e+02
4.890000000000000000e+02
1.000000000000000000e+03
2.410000000000000000e+02
4.720000000000000000e+02
7.820000000000000000e+02
1.000000000000000000e+03
3.930000000000000000e+02
6.930000000000000000e+02
4.700000000000000000e+02
3.900000000000000000e+02
2.980000000000000000e+02
1.000000000000000000e+03
5.940000000000000000e+02
9.060000000000000000e+02
1.000000000000000000e+03
2.430000000000000000e+02
1.000000000000000000e+03
4.180000000000000000e+02
2.720000000000000000e+02
1.000000000000000000e+03
1.000000000000000000e+03
1.000000000000000000e+03
1.000000000000000000e+03
4.580000000000000000e+02
2.530000000000000000e+02
2.080000000000000000e+02
5.910000000000000000e+02
1.000000000000000000e+03
1.000000000000000000e+03
1.000000000000000000e+03
7.420000000000000000e+02
7.370000000000000000e+02
2.550000000000000000e+02
4.220000000000000000e+02
4.010000000000000000e+02
1.000000000000000000e+03
1.000000000000000000e+03
2.950000000000000000e+02
1.000000000000000000e+03
3.220000000000000000e+02
7.690000000000000000e+02
1.000000000000000000e+03
4.090000000000000000e+02
2.180000000000000000e+02
2.630000000000000000e+02
2.550000000000000000e+02
1.000000000000000000e+03
1.000000000000000000e+03
1.000000000000000000e+03
5.600000000000000000e+02
1.000000000000000000e+03
2.570000000000000000e+02
1.000000000000000000e+03
1.000000000000000000e+03
2.970000000000000000e+02
7.270000000000000000e+02
2.480000000000000000e+02
8.310000000000000000e+02
2.580000000000000000e+02
2.280000000000000000e+02
5.910000000000000000e+02
1.000000000000000000e+03
5.030000000000000000e+02
1.000000000000000000e+03
4.440000000000000000e+02
4.570000000000000000e+02
4.730000000000000000e+02
2.790000000000000000e+02
1.000000000000000000e+03
3.750000000000000000e+02
3.140000000000000000e+02
1.000000000000000000e+03
9.710000000000000000e+02
5.070000000000000000e+02
6.040000000000000000e+02
4.640000000000000000e+02
1.000000000000000000e+03
2.160000000000000000e+02
2.540000000000000000e+02
4.710000000000000000e+02
9.810000000000000000e+02
8.250000000000000000e+02
3.460000000000000000e+02
4.000000000000000000e+02
8.280000000000000000e+02
1.000000000000000000e+03
1.000000000000000000e+03
2.840000000000000000e+02
2.820000000000000000e+02
5.870000000000000000e+02
2.180000000000000000e+02
1.000000000000000000e+03
7.040000000000000000e+02
9.590000000000000000e+02
1.000000000000000000e+03
8.960000000000000000e+02
1.000000000000000000e+03
1.000000000000000000e+03
2.710000000000000000e+02
1.000000000000000000e+03
1.000000000000000000e+03
5.180000000000000000e+02
1.000000000000000000e+03
1.000000000000000000e+03
3.970000000000000000e+02
1.000000000000000000e+03
1.000000000000000000e+03
2.700000000000000000e+02
8.250000000000000000e+02
3.960000000000000000e+02
2.960000000000000000e+02
6.420000000000000000e+02
1.000000000000000000e+03
1.000000000000000000e+03
1.000000000000000000e+03
5.050000000000000000e+02
5.420000000000000000e+02
6.320000000000000000e+02
9.350000000000000000e+02
1.000000000000000000e+03
5.120000000000000000e+02
1.000000000000000000e+03
1.000000000000000000e+03
1.000000000000000000e+03
2.630000000000000000e+02
1.000000000000000000e+03
1.000000000000000000e+03
1.000000000000000000e+03
1.000000000000000000e+03
1.000000000000000000e+03
1.000000000000000000e+03
1.000000000000000000e+03
1.000000000000000000e+03
3.450000000000000000e+02
5.050000000000000000e+02
1.000000000000000000e+03
7.480000000000000000e+02
5.260000000000000000e+02
4.810000000000000000e+02
8.060000000000000000e+02
3.960000000000000000e+02
4.080000000000000000e+02
1.000000000000000000e+03
1.000000000000000000e+03
1.000000000000000000e+03
1.000000000000000000e+03
1.000000000000000000e+03
1.000000000000000000e+03
1.000000000000000000e+03
1.000000000000000000e+03
1.000000000000000000e+03
1.000000000000000000e+03
2.400000000000000000e+02
1.000000000000000000e+03
6.140000000000000000e+02
1.000000000000000000e+03
1.000000000000000000e+03
4.890000000000000000e+02
1.000000000000000000e+03
9.790000000000000000e+02
4.770000000000000000e+02
1.000000000000000000e+03
2.690000000000000000e+02
1.000000000000000000e+03
1.000000000000000000e+03
1.000000000000000000e+03
4.340000000000000000e+02
9.930000000000000000e+02
1.000000000000000000e+03
3.310000000000000000e+02
9.950000000000000000e+02
1.000000000000000000e+03
6.940000000000000000e+02
1.000000000000000000e+03
1.000000000000000000e+03
1.000000000000000000e+03
1.000000000000000000e+03
1.000000000000000000e+03
1.000000000000000000e+03
6.700000000000000000e+02
1.000000000000000000e+03
2.820000000000000000e+02
5.020000000000000000e+02
4.300000000000000000e+02
6.830000000000000000e+02
2.440000000000000000e+02
7.750000000000000000e+02
2.930000000000000000e+02
1.000000000000000000e+03
1.000000000000000000e+03
1.000000000000000000e+03
2.150000000000000000e+02
9.090000000000000000e+02
4.170000000000000000e+02
1.000000000000000000e+03
1.000000000000000000e+03
1.900000000000000000e+02
1.000000000000000000e+03
5.910000000000000000e+02
3.170000000000000000e+02
2.360000000000000000e+02
1.000000000000000000e+03
7.410000000000000000e+02
1.000000000000000000e+03
1.000000000000000000e+03
1.000000000000000000e+03
8.210000000000000000e+02
1.000000000000000000e+03
4.170000000000000000e+02
7.680000000000000000e+02
8.570000000000000000e+02
2.420000000000000000e+02
2.230000000000000000e+02
2.370000000000000000e+02
1.000000000000000000e+03
1.000000000000000000e+03
1.000000000000000000e+03
2.000000000000000000e+02
1.000000000000000000e+03
1.000000000000000000e+03
1.000000000000000000e+03
1.000000000000000000e+03
5.270000000000000000e+02
6.220000000000000000e+02
6.320000000000000000e+02
4.260000000000000000e+02
1.000000000000000000e+03
4.340000000000000000e+02
5.020000000000000000e+02
3.990000000000000000e+02
5.240000000000000000e+02
3.630000000000000000e+02
1.000000000000000000e+03
1.000000000000000000e+03
1.000000000000000000e+03
5.960000000000000000e+02
1.000000000000000000e+03
7.160000000000000000e+02
8.130000000000000000e+02
2.600000000000000000e+02
1.000000000000000000e+03
1.000000000000000000e+03
1.000000000000000000e+03
1.000000000000000000e+03
1.000000000000000000e+03
3.610000000000000000e+02
1.000000000000000000e+03
3.200000000000000000e+02
2.310000000000000000e+02
1.000000000000000000e+03
2.630000000000000000e+02
1.000000000000000000e+03
4.390000000000000000e+02
7.640000000000000000e+02
7.020000000000000000e+02
7.840000000000000000e+02
1.000000000000000000e+03
1.000000000000000000e+03
1.960000000000000000e+02
1.000000000000000000e+03
4.470000000000000000e+02
1.000000000000000000e+03
1.000000000000000000e+03
2.480000000000000000e+02
1.000000000000000000e+03
3.300000000000000000e+02
1.000000000000000000e+03
1.000000000000000000e+03
2.340000000000000000e+02
1.000000000000000000e+03
1.000000000000000000e+03
1.000000000000000000e+03
1.000000000000000000e+03
2.800000000000000000e+02
1.000000000000000000e+03
1.000000000000000000e+03
3.740000000000000000e+02
2.740000000000000000e+02
1.000000000000000000e+03
1.000000000000000000e+03
5.130000000000000000e+02
1.000000000000000000e+03
2.740000000000000000e+02
7.080000000000000000e+02
1.000000000000000000e+03
4.810000000000000000e+02
1.000000000000000000e+03
2.880000000000000000e+02
1.000000000000000000e+03
1.000000000000000000e+03
1.000000000000000000e+03
9.180000000000000000e+02
2.280000000000000000e+02
2.760000000000000000e+02
1.000000000000000000e+03
1.000000000000000000e+03
1.000000000000000000e+03
3.370000000000000000e+02
1.000000000000000000e+03
2.030000000000000000e+02
1.000000000000000000e+03
2.180000000000000000e+02
6.140000000000000000e+02
1.000000000000000000e+03
2.230000000000000000e+02
1.000000000000000000e+03
1.000000000000000000e+03
6.260000000000000000e+02
4.350000000000000000e+02
1.000000000000000000e+03
1.000000000000000000e+03
1.000000000000000000e+03
1.000000000000000000e+03
1.000000000000000000e+03
2.090000000000000000e+02
1.000000000000000000e+03
5.200000000000000000e+02
4.570000000000000000e+02
1.000000000000000000e+03
9.250000000000000000e+02
7.400000000000000000e+02
4.700000000000000000e+02
1.000000000000000000e+03
6.770000000000000000e+02
2.810000000000000000e+02
1.000000000000000000e+03
9.490000000000000000e+02
6.550000000000000000e+02
5.060000000000000000e+02
8.270000000000000000e+02
2.830000000000000000e+02
2.350000000000000000e+02
2.930000000000000000e+02
1.000000000000000000e+03
6.060000000000000000e+02
1.000000000000000000e+03
3.880000000000000000e+02
5.370000000000000000e+02
1.000000000000000000e+03
1.000000000000000000e+03
4.010000000000000000e+02
8.960000000000000000e+02
1.000000000000000000e+03
1.000000000000000000e+03
1.000000000000000000e+03
1.000000000000000000e+03
3.830000000000000000e+02
3.360000000000000000e+02
2.600000000000000000e+02
1.000000000000000000e+03
1.000000000000000000e+03
1.000000000000000000e+03
1.000000000000000000e+03
6.160000000000000000e+02
5.260000000000000000e+02
1.000000000000000000e+03
1.000000000000000000e+03
2.910000000000000000e+02
1.000000000000000000e+03
1.000000000000000000e+03
1.000000000000000000e+03
1.000000000000000000e+03
1.000000000000000000e+03
1.000000000000000000e+03
1.000000000000000000e+03
1.000000000000000000e+03
1.000000000000000000e+03
9.360000000000000000e+02
2.350000000000000000e+02
3.700000000000000000e+02
1.000000000000000000e+03
9.670000000000000000e+02
1.000000000000000000e+03
4.570000000000000000e+02
9.210000000000000000e+02
1.000000000000000000e+03
6.230000000000000000e+02
2.490000000000000000e+02
9.000000000000000000e+02
1.000000000000000000e+03
1.000000000000000000e+03
1.000000000000000000e+03
7.430000000000000000e+02
1.000000000000000000e+03
1.920000000000000000e+02
4.250000000000000000e+02
1.000000000000000000e+03
2.620000000000000000e+02
5.250000000000000000e+02
2.810000000000000000e+02
7.490000000000000000e+02
1.000000000000000000e+03
2.980000000000000000e+02
7.250000000000000000e+02
1.000000000000000000e+03
2.490000000000000000e+02
2.420000000000000000e+02
1.000000000000000000e+03
8.470000000000000000e+02
6.000000000000000000e+02
1.000000000000000000e+03
2.040000000000000000e+02
2.450000000000000000e+02
1.000000000000000000e+03
4.510000000000000000e+02
2.680000000000000000e+02
1.000000000000000000e+03
1.000000000000000000e+03
2.680000000000000000e+02
1.000000000000000000e+03
2.580000000000000000e+02
1.000000000000000000e+03
1.000000000000000000e+03
3.690000000000000000e+02
7.750000000000000000e+02
2.960000000000000000e+02
4.270000000000000000e+02
6.030000000000000000e+02
6.070000000000000000e+02
7.170000000000000000e+02
1.000000000000000000e+03
1.000000000000000000e+03
4.260000000000000000e+02
5.150000000000000000e+02
2.700000000000000000e+02
2.400000000000000000e+02
9.340000000000000000e+02
4.690000000000000000e+02
1.000000000000000000e+03
2.120000000000000000e+02
1.000000000000000000e+03
6.350000000000000000e+02
1.000000000000000000e+03
2.360000000000000000e+02
1.000000000000000000e+03
1.000000000000000000e+03
1.000000000000000000e+03
1.000000000000000000e+03
2.060000000000000000e+02
6.140000000000000000e+02
8.040000000000000000e+02
2.020000000000000000e+02
2.400000000000000000e+02
1.000000000000000000e+03
2.090000000000000000e+02
1.000000000000000000e+03
7.140000000000000000e+02
1.000000000000000000e+03
9.620000000000000000e+02
1.000000000000000000e+03
7.020000000000000000e+02
8.130000000000000000e+02
1.000000000000000000e+03
2.760000000000000000e+02
4.010000000000000000e+02
2.800000000000000000e+02
1.000000000000000000e+03
1.000000000000000000e+03
1.000000000000000000e+03
4.480000000000000000e+02
8.550000000000000000e+02
2.100000000000000000e+02
1.000000000000000000e+03
1.000000000000000000e+03
2.660000000000000000e+02
5.230000000000000000e+02
1.000000000000000000e+03
1.000000000000000000e+03
1.000000000000000000e+03
1.000000000000000000e+03
3.620000000000000000e+02
1.000000000000000000e+03
1.000000000000000000e+03
1.000000000000000000e+03
1.000000000000000000e+03
5.650000000000000000e+02
1.000000000000000000e+03
1.000000000000000000e+03
2.570000000000000000e+02
2.360000000000000000e+02
1.000000000000000000e+03
2.080000000000000000e+02
2.600000000000000000e+02
2.120000000000000000e+02
1.000000000000000000e+03
2.280000000000000000e+02
3.030000000000000000e+02
1.000000000000000000e+03
8.500000000000000000e+02
1.000000000000000000e+03
9.950000000000000000e+02
6.110000000000000000e+02
1.000000000000000000e+03
1.000000000000000000e+03
4.360000000000000000e+02
1.000000000000000000e+03
3.830000000000000000e+02
1.000000000000000000e+03
8.170000000000000000e+02
2.620000000000000000e+02
1.000000000000000000e+03
2.350000000000000000e+02
1.000000000000000000e+03
1.000000000000000000e+03
1.000000000000000000e+03
4.910000000000000000e+02
6.510000000000000000e+02
7.020000000000000000e+02
5.080000000000000000e+02
1.000000000000000000e+03
1.000000000000000000e+03
4.210000000000000000e+02
2.230000000000000000e+02
1.000000000000000000e+03
1.000000000000000000e+03
1.000000000000000000e+03
8.870000000000000000e+02
1.000000000000000000e+03
3.250000000000000000e+02
1.000000000000000000e+03
8.960000000000000000e+02
1.000000000000000000e+03
1.000000000000000000e+03
1.000000000000000000e+03
2.580000000000000000e+02
3.600000000000000000e+02
2.020000000000000000e+02
1.000000000000000000e+03
1.000000000000000000e+03
1.000000000000000000e+03
1.000000000000000000e+03
3.410000000000000000e+02
5.430000000000000000e+02
1.000000000000000000e+03
1.000000000000000000e+03
1.000000000000000000e+03
4.580000000000000000e+02
2.480000000000000000e+02
2.170000000000000000e+02
5.030000000000000000e+02
5.020000000000000000e+02
1.000000000000000000e+03
8.880000000000000000e+02
1.000000000000000000e+03
1.000000000000000000e+03
1.000000000000000000e+03
3.880000000000000000e+02
1.000000000000000000e+03
2.110000000000000000e+02
1.000000000000000000e+03
1.000000000000000000e+03
1.000000000000000000e+03
4.030000000000000000e+02
8.140000000000000000e+02
2.160000000000000000e+02
1.000000000000000000e+03
4.300000000000000000e+02
1.000000000000000000e+03
1.000000000000000000e+03
1.000000000000000000e+03
2.340000000000000000e+02
3.460000000000000000e+02
5.010000000000000000e+02
3.920000000000000000e+02
1.000000000000000000e+03
1.000000000000000000e+03
1.000000000000000000e+03
2.640000000000000000e+02
6.460000000000000000e+02
8.650000000000000000e+02
1.000000000000000000e+03
1.000000000000000000e+03
1.000000000000000000e+03
2.360000000000000000e+02
2.600000000000000000e+02
2.750000000000000000e+02
5.830000000000000000e+02
1.000000000000000000e+03
6.380000000000000000e+02
8.720000000000000000e+02
1.000000000000000000e+03
2.970000000000000000e+02
1.000000000000000000e+03
6.410000000000000000e+02
2.580000000000000000e+02
2.520000000000000000e+02
1.000000000000000000e+03
1.000000000000000000e+03
1.000000000000000000e+03
2.120000000000000000e+02
1.000000000000000000e+03
5.810000000000000000e+02
5.070000000000000000e+02
8.930000000000000000e+02
2.230000000000000000e+02
1.000000000000000000e+03
6.010000000000000000e+02
2.050000000000000000e+02
2.360000000000000000e+02
2.960000000000000000e+02
2.790000000000000000e+02
4.930000000000000000e+02
2.360000000000000000e+02
9.960000000000000000e+02
1.000000000000000000e+03
1.000000000000000000e+03
1.000000000000000000e+03
2.220000000000000000e+02
5.610000000000000000e+02
3.010000000000000000e+02
7.170000000000000000e+02
1.000000000000000000e+03
2.410000000000000000e+02
5.380000000000000000e+02
1.000000000000000000e+03
4.200000000000000000e+02
2.490000000000000000e+02
6.680000000000000000e+02
1.000000000000000000e+03
7.420000000000000000e+02
7.590000000000000000e+02
1.000000000000000000e+03
1.000000000000000000e+03
4.330000000000000000e+02
4.140000000000000000e+02
1.000000000000000000e+03
2.310000000000000000e+02
1.000000000000000000e+03
1.000000000000000000e+03
1.000000000000000000e+03
2.370000000000000000e+02
4.700000000000000000e+02
9.590000000000000000e+02
1.000000000000000000e+03
6.650000000000000000e+02
9.000000000000000000e+02
2.980000000000000000e+02
1.000000000000000000e+03
2.400000000000000000e+02
2.400000000000000000e+02
5.010000000000000000e+02
1.000000000000000000e+03
9.480000000000000000e+02
1.000000000000000000e+03
2.600000000000000000e+02
1.000000000000000000e+03
2.590000000000000000e+02
1.000000000000000000e+03
9.350000000000000000e+02
1.000000000000000000e+03
2.200000000000000000e+02
1.000000000000000000e+03
9.670000000000000000e+02
1.000000000000000000e+03
2.290000000000000000e+02
1.000000000000000000e+03
4.670000000000000000e+02
5.540000000000000000e+02
1.000000000000000000e+03
2.860000000000000000e+02
1.000000000000000000e+03
7.900000000000000000e+02
5.670000000000000000e+02
2.700000000000000000e+02
4.310000000000000000e+02
1.000000000000000000e+03
1.000000000000000000e+03
2.870000000000000000e+02
1.000000000000000000e+03
1.000000000000000000e+03
7.270000000000000000e+02
2.710000000000000000e+02
1.000000000000000000e+03
1.000000000000000000e+03
1.000000000000000000e+03
2.640000000000000000e+02
2.140000000000000000e+02
4.290000000000000000e+02
2.220000000000000000e+02
8.330000000000000000e+02
3.210000000000000000e+02
1.000000000000000000e+03
2.380000000000000000e+02
3.720000000000000000e+02
5.690000000000000000e+02
6.570000000000000000e+02
1.000000000000000000e+03
2.400000000000000000e+02
6.740000000000000000e+02
9.270000000000000000e+02
5.210000000000000000e+02
5.530000000000000000e+02
7.180000000000000000e+02
1.000000000000000000e+03
2.580000000000000000e+02
4.450000000000000000e+02
1.000000000000000000e+03
1.000000000000000000e+03
1.000000000000000000e+03
1.000000000000000000e+03
8.240000000000000000e+02
5.110000000000000000e+02
1.000000000000000000e+03
1.000000000000000000e+03
1.000000000000000000e+03
7.800000000000000000e+02
1.000000000000000000e+03
1.000000000000000000e+03
1.000000000000000000e+03
1.000000000000000000e+03
1.000000000000000000e+03
1.000000000000000000e+03
9.770000000000000000e+02
5.610000000000000000e+02
1.000000000000000000e+03
6.920000000000000000e+02
1.000000000000000000e+03
4.930000000000000000e+02
6.770000000000000000e+02
7.040000000000000000e+02
1.000000000000000000e+03
7.150000000000000000e+02
1.000000000000000000e+03
2.190000000000000000e+02
6.710000000000000000e+02
1.000000000000000000e+03
8.050000000000000000e+02
4.940000000000000000e+02
8.370000000000000000e+02
1.000000000000000000e+03
2.450000000000000000e+02
1.000000000000000000e+03
1.000000000000000000e+03
1.000000000000000000e+03
2.930000000000000000e+02
1.000000000000000000e+03
3.500000000000000000e+02
4.080000000000000000e+02
1.000000000000000000e+03
2.610000000000000000e+02
2.410000000000000000e+02
6.890000000000000000e+02
1.000000000000000000e+03
1.000000000000000000e+03
2.980000000000000000e+02
4.720000000000000000e+02
1.000000000000000000e+03
1.000000000000000000e+03
2.900000000000000000e+02
2.440000000000000000e+02
4.870000000000000000e+02
6.540000000000000000e+02
2.750000000000000000e+02
1.000000000000000000e+03
4.470000000000000000e+02
2.290000000000000000e+02
1.000000000000000000e+03
2.400000000000000000e+02
2.270000000000000000e+02
1.000000000000000000e+03
2.600000000000000000e+02
7.220000000000000000e+02
1.000000000000000000e+03
6.960000000000000000e+02
1.000000000000000000e+03
4.730000000000000000e+02
9.380000000000000000e+02
1.000000000000000000e+03
1.000000000000000000e+03
1.000000000000000000e+03
2.640000000000000000e+02
8.010000000000000000e+02
1.000000000000000000e+03
1.000000000000000000e+03
1.000000000000000000e+03
1.000000000000000000e+03
1.000000000000000000e+03
4.910000000000000000e+02
1.000000000000000000e+03
9.790000000000000000e+02
1.000000000000000000e+03
4.300000000000000000e+02
1.000000000000000000e+03
1.000000000000000000e+03
6.090000000000000000e+02
1.000000000000000000e+03
2.850000000000000000e+02
1.000000000000000000e+03
2.960000000000000000e+02
2.780000000000000000e+02
1.000000000000000000e+03
3.200000000000000000e+02
1.000000000000000000e+03
2.360000000000000000e+02
1.000000000000000000e+03
4.260000000000000000e+02
1.000000000000000000e+03
1.000000000000000000e+03
3.680000000000000000e+02
2.960000000000000000e+02
9.240000000000000000e+02
1.000000000000000000e+03
1.000000000000000000e+03
1.000000000000000000e+03
1.000000000000000000e+03
3.560000000000000000e+02
1.000000000000000000e+03
4.580000000000000000e+02
5.250000000000000000e+02
1.000000000000000000e+03
1.000000000000000000e+03
3.030000000000000000e+02
1.000000000000000000e+03
7.070000000000000000e+02
2.360000000000000000e+02
1.000000000000000000e+03
1.000000000000000000e+03
1.000000000000000000e+03
9.750000000000000000e+02
1.000000000000000000e+03
1.940000000000000000e+02
1.000000000000000000e+03
2.250000000000000000e+02
1.000000000000000000e+03
2.730000000000000000e+02
