-2.091548026502268840e+02
3.798473114347195434e+01
-4.248880069603350051e+01
-1.805631173137363419e+02
-3.986338887655962537e+01
-9.507814965722357670e+01
-4.413249102199988982e+01
-8.296392265349587092e+01
-5.611545277831925915e+01
-1.080867306568230362e+02
-3.075911928148746028e+02
-7.457340933993496890e+01
-2.885237949068819034e+02
-2.982350321129645110e+01
-6.053778794347459069e+01
-1.228170038917313178e+02
-2.805767088425944848e+02
-2.572202117489567854e+02
-1.589069143019307262e+02
-1.479252308985387003e+02
-8.429625105450027434e+01
-5.216476756893598576e+02
-4.553638584711077186e+01
-2.416940524595605382e+02
-7.209831162285162520e+01
-1.581072617178552093e+02
-2.371742335557417505e+02
-3.842504770793889293e+02
-2.412786648539498628e+02
-4.996186149935081175e+02
-2.093112059614987572e+02
-1.263740207339865407e+02
-1.134273657161508595e+02
-3.477196972748598114e+02
-6.375032256856589896e+01
-3.524391652538266158e+02
-9.650873419540376474e+00
-1.600412714891655526e+02
-2.944889442764024921e+02
-3.631589101022576642e+02
-9.910012214213645620e+01
-5.644690014129287192e+01
-4.573995880390063462e+02
-1.670564225123733877e+02
-5.991664249228765016e+01
-1.849307497539569169e+02
1.274174907710787075e+01
-9.609466656433666287e+01
-1.154446937351711995e+02
3.861919742828279212e+00
-1.702674286491735813e+02
-7.738798444355806794e+01
-2.342825486576390972e+02
-3.390775701423372652e+02
-4.335270255961494854e+02
-2.402494919830181459e+02
4.382875861997943900e+01
-3.214779263062953873e+02
-2.140943590031922383e+02
-3.635223644059086041e+02
-9.127927879541903167e+01
-6.805204648179856974e+01
-1.591007370415538844e+02
-1.022589409681128529e+02
-6.626973107452239731e+01
-1.303939831231900541e+02
-6.050514061732502569e+02
-1.100780479918536869e+01
-3.145601146930183063e+02
-2.419124965851949867e+02
-2.162710541447397077e+02
1.683772054140310459e+01
5.284972065750815062e+01
-1.801366140140684422e+02
-9.401867918176186834e+01
-1.101516359549394792e+02
-1.655508302496258466e+02
-3.121161694068788393e+02
-3.540065548632555874e+02
-2.259516508613788801e+02
-9.747349678081552327e+01
-5.667254395485941814e+02
-2.622621048160548298e+02
-2.851508923244479661e+02
-1.034642875536636524e+02
-7.773439313005899010e+01
-1.264722476579730852e+02
-6.463895311875501193e+01
-1.896741270765557204e+02
-1.192522363859046521e+02
-1.498876549924459312e+01
-2.280277576110591156e+02
-5.535185270206890351e+01
-3.689229918303689146e+02
-3.576904719726841222e+02
-7.767768804820819639e+01
-1.485881707432620260e+02
-2.292572351421808818e+01
-1.079612979917749982e+02
-1.558712886161377185e+02
2.914745985387411142e+00
-3.442717187539012116e+02
-4.701602162750577918e+01
5.195708161796598334e-01
-9.755206341980111517e+01
-3.175628140043788790e+02
-2.480022245892332933e+02
-2.729778542065318447e+02
-1.915379027156748180e+02
-1.774331635850094244e+02
-3.338135127255451380e+02
-2.010664112232763330e+02
-2.062700848133631268e+02
-1.524019433358243134e+02
-4.293631144526304411e+01
-7.810843068951236035e+01
-1.238576855388732127e+02
-8.560439754996643558e+01
-4.190649551055931710e+01
-6.381681695293671908e+01
-6.334285809201294626e+01
-3.221067097062523317e+02
-2.343653953539691770e+02
-1.957875763359716075e+02
-5.650632448317236367e+02
-2.298294079742230736e+02
-1.772607915053464467e+02
4.005804768685175077e+01
5.887229391198791717e+01
-7.276456354828350470e+01
-2.329168311045883684e+02
-1.254081105918226058e+02
-2.374251081780548702e+02
-2.851014981770281764e+01
-5.460867878280439669e+01
-1.560634320408177871e+02
-8.359337270612094528e+01
-1.502435840320987950e+02
-2.770673120995480190e+02
-2.156222451299770739e+02
-3.177143430613750184e+02
-3.353972808497164948e+01
-5.805137788439888169e+01
-9.901381679037955053e+01
-5.344509839492583581e+01
-2.251773367528460579e+00
-1.990933731541301484e+02
-2.227248588835801684e+02
-2.199659705511098480e+02
-6.981598411158617523e+01
-3.347019995944316406e+02
-4.297194667673428370e+01
-2.565945197295334879e+02
-1.505472733373599397e+02
-1.917503295869104463e+01
-2.199592957804212290e+02
-4.208874792030884038e+01
-1.909300329511435166e+02
-3.114161465951817718e+02
2.042194822231354223e+01
-3.047281761829319748e+02
-4.145537774533063669e+01
-6.075760956963683412e+01
-1.882215485341088765e+02
4.071735567576388348e+01
-3.934191531466733949e+01
-1.757658270365173081e+01
-5.129868583647050428e+01
1.012098818686722090e+01
-1.850602933387165479e+02
-3.196287902006471313e+02
5.464913840744195284e+00
2.805137054275774844e+01
-1.230056206390436699e+02
-4.322099436678403350e+00
-1.981542830808705276e+02
-5.422852885836056913e+01
-6.314882424574604691e+00
-2.614921285460682725e+02
-1.265819120894958161e+02
-3.794815126659690918e+02
-3.992731984674661589e+02
-1.251971194012189699e+02
-8.354857142505642287e+01
-1.529663863971394449e+02
-1.449270327091855961e+02
-1.965262125447357562e+02
-8.112380455690917813e+01
-1.414938839076269801e+02
-1.571332193387273719e+02
-1.607096391605900294e+02
-1.524153596041423384e+02
-4.019019409156677511e+02
-6.816842322622537154e+01
-1.887006652656330061e+02
-2.047020701694599154e+02
-3.807141156509296138e+02
-2.203010607596034731e+02
-1.708731272044817615e+02
-1.433474121899733404e+02
-1.427524060268997346e+02
-1.278936812521324242e+02
-1.125496744229767785e+02
-1.074315145689989635e+02
-1.010302822593201739e+02
-2.157492827111049394e+02
-1.487201623601942302e+01
-1.564470030646810983e+02
-7.249816900828728983e+00
-2.757106536840035460e+02
-8.762012829220903143e+01
-6.334954087602761774e+01
-1.997173754845975111e+02
-1.162836227638438942e+02
-1.981539948768998158e+02
-1.770899052951422448e+02
-4.877272657775579887e+02
-1.336807228069213807e+02
-2.165550206417904988e+01
3.083665351740212657e+01
-1.002936213491987303e+02
-5.159945691231368983e+02
8.020927852416797066e+00
-8.230117067896983940e+00
-5.751030688725214901e+01
-2.023205252499968481e+02
-3.377853638543409716e+02
-2.686056656360909400e+00
-6.342532734800015959e+01
-1.585935955261521713e+02
-3.500967918146369016e+02
-6.325741148358819999e+01
-2.373936027348943583e+02
-1.404163532231960687e+02
-2.594145369341113678e+02
-1.706170366577704840e+02
-3.785100665319548057e+02
1.162355467078525173e+01
-1.182780017828264079e+02
-1.580488960385325754e+02
-7.104259234871398121e+01
-2.431893417676108413e+02
-2.162010133340415621e+02
-1.474271138959366851e+02
-5.677492338381020431e+01
3.835021386335758820e+01
-6.905454992977705331e+01
-1.365264224820052732e+02
-2.850324369338046040e+02
-1.199118560534562050e+02
-4.196611868349209118e+01
-2.979924598319064444e+02
-2.590927180962762755e+00
-1.998657000953579370e+02
-3.247927841129830426e+02
-1.230130929354112510e+02
-1.540350789249979258e+01
-6.989388695479415503e+01
-1.295659521492955548e+02
-2.021122019782922052e+02
-7.672979813159885509e+01
-1.956775928905426838e+02
-1.606896546465345921e+02
-1.324297592221917625e+02
-1.172822672043970584e+02
-1.527657901373023321e+02
1.344874052789359631e+01
-1.700844437091508041e+02
-2.909877760523842127e+01
-2.831857940796127693e+01
-1.695879808356191916e+02
-9.747409811903555976e+01
-9.322712095448014225e+01
-4.352532851031982375e+01
6.240774738932970855e+00
-5.455993463416167089e+01
-1.911001572369296468e+02
-1.290607112497150126e+02
-1.486485035877836083e+02
-1.063638603865314565e+02
-1.487909848694472146e+02
-4.462240046902856534e+02
-2.536010354798176820e+02
-3.377922442856178975e+01
-3.108597203946662546e+01
-5.415465231175128480e+01
-4.014472091173781365e+01
-1.723454204015080506e+02
3.575481969616842548e+01
1.289512888050249373e+01
-1.746181611604240800e+02
8.041625340344046080e+00
-4.197805282856514886e-03
4.062762823540723822e+00
-3.313501157730165403e+01
-2.593849486720446862e+02
-2.725285310058724519e+01
-1.653227687267472277e+02
-4.197184689728049989e+01
-2.613677840015898255e+02
-2.119618553884925802e+02
-4.315540395407761309e+01
-6.070853861087138625e+01
-1.494846345083475470e+01
2.361837333104218928e+01
-4.802453962429938628e+01
-2.397400234807859363e+02
2.255028094139788664e+01
-8.708490985211861357e+01
-8.422023355046540871e+01
-8.087186486608632663e+01
-1.594523540789827223e+02
-1.930491299081008947e+02
-1.114210200216383839e+02
-3.191731713469598475e+01
-3.073409569803286558e+02
-5.250061088697528078e+01
-3.445188539223467217e+01
-1.145926366417785225e+01
1.415947122703727068e+01
-5.900924166254061021e+01
-2.146942737042243436e+02
-1.559297187749634475e+02
-2.514259239797928274e+02
-4.333197039238095272e+01
-2.196023644712155942e+02
-1.080424652972113932e+02
-8.636819061563395735e+03
-2.435415300689369928e+02
-5.763442515745853001e+01
-1.541693528473078345e+02
-1.431243933586387413e+02
-9.955100766437490734e+01
-7.036372361069263093e+01
-1.318938253793365902e+02
-2.025012430842120352e+02
-1.441543224984709468e+02
-1.424000983833914518e+02
-1.030167603196092898e+02
-1.116234344100474196e+01
-7.446231906941508782e+01
-1.510129360367747040e+02
4.907717032124751455e+01
-7.992900819710229143e+01
-5.214805144546384241e+01
-7.226087332369903038e+01
-1.504936906897594895e+02
-3.452206373210490824e+02
-7.841282693583296748e+01
-5.267454508962362780e+01
-1.229859493342612353e+02
-1.259542640090272698e+02
-7.465199306281544978e+01
-1.158526174141823759e+02
-1.951428831726040016e+02
4.163899641145374808e+00
-1.933649767435169053e+02
-6.717865786192905375e+01
-5.092205866048300322e+01
-2.750486933155250924e+01
-1.352176518878025888e+02
-3.724336932025941849e+01
-1.009736070117944138e+02
-7.164229942971458343e+01
-1.068771296189752888e+02
-1.908475701306322776e+02
-7.822295164017423019e+01
-8.300722766981782286e+01
4.734953836738767308e+01
-8.413375858766946180e+01
-1.388193281908733923e+02
-1.146496262207544845e+02
-2.171464991386596921e+02
-1.162378226346769594e+02
-1.400987650894248873e+02
3.851760420676228591e+01
-8.100543870435770089e+01
-3.415633246973533232e+01
-1.428984983758027170e+02
-9.674975204266618789e+01
-6.359696809620142233e+01
-8.962387621818974992e+01
-1.171179146428289926e+02
3.328314675066164074e+00
4.616498685248573253e+01
-2.831824568084744342e+01
-2.910854988179094107e+02
5.292532951565026877e+01
-1.775803929650623445e+02
-1.697503352539945070e+02
-1.684618823020861953e+02
-5.280374793280964241e+01
-4.847922179762801420e+01
-5.256508873711543117e+01
-3.368885935955992750e+01
-5.549618752005110878e+01
-1.091528321763118470e+02
-1.025207222997200631e+02
-3.713126610057908579e+02
-2.314550627931140525e+01
-1.174834783259493207e+02
-2.013234374626833869e+02
-9.612033589269202594e+01
-1.327674057325033061e+02
-1.177846353995069251e+02
-1.113124766933192689e+02
-4.784470331933441400e+01
-3.737675556918176056e+01
-9.022913589401784407e+01
-7.065430255785274483e+01
-6.367479235171075658e+01
-2.817081429650198032e+01
3.399364070690695172e+01
-1.437221969825077572e+01
1.412507593363462988e+01
-3.529429758625611413e+01
-1.944879702375826867e+02
-8.452071479465506343e+01
-2.248371512200371569e+01
-6.158753283496776021e+01
-2.888427608269819871e+02
-8.454367663994190707e+01
-4.783460078876044186e+00
-2.224174979585341703e+02
-6.747511754176099430e+01
-3.423554709354740311e+01
4.397551176432936160e+01
9.857544143426798300e+00
4.822184370719241997e+01
-3.131079628740490506e+00
-8.442160435809171304e+01
-7.160455608238105185e+01
-1.570486333466653264e+02
-3.443573384333090903e+00
-2.574213457237041780e+01
-2.287326581069065412e+02
1.221584268545443130e+01
-2.111707363928548489e+02
6.833617297441425542e+00
-1.109545913494309133e+02
-3.135360879749463265e+02
5.232412124538209497e+01
-1.698096641619453635e+02
-9.619119919227976823e+01
-2.479078311721197281e+02
-1.467806120524093103e+02
6.440141436508038453e+01
-8.738529603276444391e+01
-1.282395045561487734e+01
1.108269744721340189e+01
-5.354371033708910943e+01
-1.189961605472013417e+02
-2.441129949622514772e+01
-1.594232391967321689e+02
5.302744518321320655e+00
1.962612138577198451e+01
-3.943982147248183878e+01
-1.530755670089413059e+02
-1.788231249676571508e+02
-7.259503282006672009e+01
-2.910638487967502996e+01
-1.242561735152394675e+02
-5.770171652066197510e+01
-5.138737605475293790e+00
-3.954551179475020461e+01
-8.053716949825083304e+01
-4.651083050099804694e+01
-2.584146283987312742e+01
-2.373998515627579309e+01
-4.136887802627131805e+01
3.417682067248897937e+01
-1.239187137933713529e+02
-8.283039203828286645e+01
-2.781607545171398144e+01
-5.525022390869936117e+01
-2.198975056145193108e+01
-3.688562369013112061e+02
-1.315427231734176132e+02
5.158785942321532048e+01
-5.173263099842011314e+01
-2.696288614913578385e+01
-4.407118627667942690e+01
-1.085027982278278387e+02
1.832348314198060635e+01
-1.199579982564557525e+02
-1.744051824083286704e+02
4.856377559009783340e+01
5.221178800157808553e+01
-1.176859074303875303e+02
-1.668558788408644489e+02
-8.475807930688489478e+01
-4.847663479648624474e+01
-1.808262598285635931e+02
-5.569114678526574380e+01
-1.081411839633192784e+02
-1.203530433870237317e+02
-6.709128008023560596e+01
-1.231476457995092915e+02
-6.494550578645110761e+01
-4.216936820226546274e+02
-8.723233445202302505e+01
1.150967968512285111e+01
-9.069357566242300095e+01
-2.588659123666903739e+01
-2.387053836984713655e+02
-7.931834572241528747e+01
-9.352355250834281719e+01
2.367103820734286046e+01
-1.692487574716552245e+01
4.539479294951254218e+01
-3.176043772690782134e+02
4.386517661066893226e+01
-3.503242624445282871e+01
1.263522447306317353e+01
3.617868049492330584e+01
-5.860183046276245733e+01
-1.303449486933587878e+02
-1.064468521156367053e+01
5.940485121053358597e+01
-1.932742700116471326e+02
-2.041939928837535092e+02
-3.306271613960306865e+01
-2.045457474555961497e+01
-1.929263340961128677e+02
-5.535610575520990295e+01
-5.557796412501145511e+01
-8.801030654122884300e+01
-4.743821446420150245e+00
-1.547035672925256904e+02
-9.419195055447325160e+01
-9.414774091287927149e+01
-2.095502623087980396e+02
-2.190550842561675040e+02
-2.408191576394523281e+01
-6.886727200868632792e+01
7.494421778236927345e+00
-3.799714705748134236e+01
2.453992341888087836e+01
2.667711490792193629e+01
6.909373142539402579e+01
2.743879436631066326e+01
-2.634504810380230424e+02
-6.684134230097123464e+01
5.383117300705575303e+01
-1.017714546022855728e+02
-1.555931387128446275e+01
4.545554262900702724e+01
-2.150119407204661002e+02
-3.673079676076388012e+01
-6.648444165842539633e+01
-1.923301306291483570e+02
-1.523245494210732147e+02
-7.157315028687752090e+01
-3.909853577783017187e+01
-7.290317968092939793e+01
-1.458957522332903807e+02
-1.350817220786265693e+02
-1.262023527486505117e+02
3.528527933498220026e+00
-4.190355786348182221e+01
-9.718267257396406933e+01
-3.102606057499640713e+01
-1.006297584256127493e+02
1.013877007612559389e+01
-6.045155480371504808e+01
-3.369818089300622432e+01
-7.421594140284453545e+01
-5.642603308991431277e+01
-1.170533868856035440e+02
-2.088216914898598020e+01
2.833351358772451434e+01
5.782540727928709856e+01
-3.252629543590118999e+01
1.129464672226758637e+01
-6.643081267473444029e+01
-5.999247241949630194e+01
-9.008966918780734545e+01
-3.291683279802609974e+01
4.130855269320161938e+01
-1.057697854464792329e+02
-1.168863447146890451e+02
-2.051914793994007624e+01
-1.367165710474555169e+02
-3.720398936394171585e+01
-3.871640074585186397e+01
1.098978042805604360e+02
-2.425493117675425125e+01
-3.500890641637019485e+01
-4.261552636999094545e+01
-8.211396853903276849e+01
2.791481524725321606e+01
-5.153448203460661148e+01
-1.771199555877978726e+00
7.521760714326894970e+01
3.738754686096009294e+01
-1.750734400023302726e+02
-1.316368982355965898e+02
6.013875199759310952e+00
-1.724668251829269536e+02
-2.449196219033392765e+02
-8.440716161242788473e+01
-6.919719256054602852e+01
9.429075432074801810e+00
-4.696462591190356051e+01
-5.464154608040417770e+03
-1.667926510785286496e+02
-1.339103516034118115e+02
-1.638582750590751402e+02
-1.886992654253964758e+02
-8.113761050305022593e+01
-1.598102777566613319e+01
-2.172509448531452847e+02
-7.434454601251752592e+01
-1.875783715489593106e+01
2.650015293142258699e+01
-1.367327988213058632e+02
-1.427585677651483138e+02
-1.437590278644221655e+02
-4.185064330931702870e+01
-4.036403982788050371e+01
-7.192616094627842926e+01
-1.141649589509675877e+02
-5.148478563142424491e+01
-1.188349316705296417e+02
-1.283207897692218751e+02
-9.518572643356669971e+01
6.310732462661987796e+01
-6.416727236585330729e+01
-1.161123302612246988e+02
-4.654855437624540571e+01
2.450939428011370325e+00
-5.413620143910561922e+01
1.946228799570261236e-01
-1.381335608210330861e+02
-1.844028182468163912e+00
-2.169992315283750770e+02
-1.901813467832904507e+02
-7.601190780888995846e+01
4.139126526089632385e+00
-9.351071243385520404e+01
-8.920920525955203573e+00
-6.840859550564854885e+01
-2.104333496159911761e+02
-7.088356199411104797e+01
-1.478550734029445266e+02
-5.002355258647881442e+01
-3.921914924281961135e+01
-1.195009704424950598e+02
-9.542582306897175215e+01
-1.707260685013744421e+02
-2.914777807675016774e+01
-2.978794520987274907e+01
5.812420670993337923e-01
-1.491120553003778682e+01
-6.242604011592869284e+01
-1.239464179200062262e+02
-5.418400099098055733e+01
-1.907967652744675036e+02
-1.227914143132977358e+02
4.315532844334342144e+01
-3.786969742988462713e+02
-6.391387708391897604e+01
-1.717853557982920520e+01
-2.379937894464298509e+01
-1.803058452831385239e+02
-3.384972540340714175e+01
-4.138786370564793060e+01
-1.946270050901370041e+02
-1.425577593824755063e+01
-4.531013669790745269e+01
-6.436564448404898542e+01
-2.567719347541286723e+01
-8.458902585396843676e+01
-1.226051372850051138e+02
-1.569892960496761987e+02
-1.429669778162068496e+02
-3.860195628612274845e+02
4.045864751295491146e+01
-1.418528803686225714e+01
-7.778288001518771644e+00
-8.030164004154283930e+01
-1.557157867578002453e+01
4.131362502700615558e+00
-8.107794211363258796e+01
-1.846710854980730687e+01
-5.105315195664628192e+01
1.367036751928896798e+01
-2.780051256421612038e+02
-4.537938769624247470e+01
-9.333134456124624023e+01
-8.122411284866676340e+01
-1.503534108694724409e+02
-1.711062729226018746e+02
5.475569904738956239e+01
-5.997253759491286473e+01
-1.997201272263231075e+01
-9.497864566265553776e+01
-8.982035025544381313e+01
-6.079267003656284629e+01
-5.346610195709882163e+01
-1.684023687795641422e+01
-8.407489609094612604e+01
-7.429726212007392405e+01
5.311723945458381557e+00
-9.787302266723806099e+01
7.784691100832019117e+01
-7.204705324777665965e+01
-1.649879181769018714e+02
6.432019450763426960e+00
6.857663381584665707e+00
-1.516466275919421136e+01
-2.809336705199765660e+01
4.968784269356024197e+01
5.064425443201295707e+01
1.055536721499108843e+01
-9.906582190402070864e+01
-2.543323497150296362e+02
-3.171129554847211196e+01
-9.871902214260124708e+01
-2.620562687922934941e+01
-6.629547155306539707e+01
-3.494665701323474138e+01
-6.606703004178588401e+01
1.097342629365947886e+01
-1.508106165268644361e+02
3.286021025155633879e+01
1.848659273446738638e+01
-1.123813731705888586e+02
-8.249889834184980941e+01
-1.441428620648212302e+02
-1.722658019970720886e+02
9.742603664980839184e+00
9.183204624927272519e+00
-1.897462761864695153e+02
-3.047672999091393464e+01
-1.051782211284319288e+02
-1.484578642452261761e+02
-2.581445519293085411e+01
2.870589844097354160e+01
-1.024885592424128617e+02
-1.367385727942577489e+01
-8.435978343935715884e+00
5.751527998325909152e+01
-9.078279712052817274e+01
-7.775492818471337841e+01
-1.225367733980370559e+02
7.925100152073913762e+01
3.861744372283665427e+01
-7.775275320296653092e+01
5.308033722163209944e+01
-5.389877991379088229e+01
-8.879987549286207127e+01
1.545643966160033678e+01
-1.369446393997456468e+01
7.194189364752352844e+01
2.820033337577960708e+01
4.990491461059516354e+00
6.322472207995750892e+01
-1.064660016084553149e+02
4.335475024447136150e+01
6.605504099033637999e+01
1.854196808762050708e+01
6.508412058775688536e+01
2.189935877489540061e+01
-3.900013588260924813e+00
1.673777758747912614e+01
-1.464188278681521354e+02
1.476054604795125158e+01
1.572581090441893181e+01
5.899961464244355369e+01
7.389400042552050252e+01
7.794958230170595925e+01
-7.356876831955598561e+01
-2.260276508981845893e+02
1.815497453611649448e+01
2.497855038802443417e+01
2.652394203229093961e+01
-1.059919288911255961e+02
4.165363497569746443e+01
-1.110423714138115656e+02
-5.701670362448779628e+01
2.930453780442192979e+01
2.532094885180991994e+01
-1.158992677557555950e+01
5.696394116442046851e+01
-9.928605566020928563e+01
8.888435751750256486e+01
3.612867530308789554e+01
2.077779416025950354e+01
-2.824639313689271702e+01
-1.280686757052205564e+02
-1.308145291437961930e+02
3.200827421071549850e+01
-2.132591655864678515e+01
-1.211121439884228934e+01
2.390135487291332073e+00
1.177649935933330738e+02
8.032139340372654601e+01
-1.982047591275791998e+00
-1.526400925466649596e+02
5.655355247139460806e-01
-3.664850947574954887e+01
1.744620785517179939e+01
3.833288122674649401e+01
2.602628160688310999e+01
5.523221048123735244e+01
-7.694481953400654994e+00
5.310352344724699947e+01
-2.715723529131715352e+01
-8.748656984029516082e+01
1.921142535619867031e+00
9.103869593674762939e+01
4.623478854382746306e+00
1.005575372003165455e+02
3.779582743248073484e+01
-1.297395861519360380e+02
-6.812075226655145421e-01
7.505506448350804760e+01
6.113823576487384059e+00
3.752191984623171095e+01
8.023041133042828221e+01
8.464322023414672458e+01
-7.720885232987257041e+01
-4.401919104722053788e+01
-6.674183617281184411e+01
1.150249157419664812e+02
-1.109979946796509154e+01
1.631772861941752240e+01
-1.989319625511507184e+02
2.489652668155030568e+01
1.005315019321309506e+02
7.657507023886250863e+01
-9.634644556416208871e+00
-7.374158881215395311e+00
5.228985667777804736e+01
-4.179466803386001317e+01
-8.603018265662562669e+01
1.813312187518684127e+01
-5.928583752752556535e+01
4.107298733017967862e+01
4.967378088272101166e+01
-6.453493382006386980e+01
7.607556099303745611e+01
-5.417845311304544609e+00
1.245300924366955400e+02
-1.880890168080607623e+02
9.071065403212841716e+01
1.591386275207866063e+01
-4.885752024210332678e+01
1.088018658466353088e+02
7.114958294746892875e+01
-6.781042518176653289e+01
5.664950896187870732e+00
2.158919109418854276e+01
-2.036026176013180304e+02
-1.173237480866652476e+02
5.897444309514661143e+01
-1.190672529324627504e+01
1.499219595301238250e+01
9.354596302965055088e+01
-3.585936846111479070e+01
5.433208156559700797e+01
-7.235703515461787561e+01
-3.329051182819093846e-01
3.356910305710845144e+00
-1.344215186433573876e+02
-4.571400278299936559e+00
1.246984766785556253e+01
-3.019163932192677890e+01
9.748983148145940447e+01
5.685299834766795612e+01
-1.811597259858111819e+00
7.618758552863565114e+01
-1.136285076855506837e+01
8.336240178014705293e+01
-1.043163458016688310e+02
5.366171520642786419e+01
6.394727683070159685e+01
-5.724821695034692226e+01
-1.940521390834483384e+01
-1.312936519705297940e+02
-3.737143834305388879e+01
-1.424202372292970438e+02
4.945346915006761179e+01
-8.235422514184319809e+00
3.558347166418262475e+01
6.657343508061097737e+01
5.150389874799220280e+01
7.158688184304666891e+01
-2.584608642478672635e+01
4.358969775265874347e+01
4.662945782196504751e+01
3.087037159508047424e+01
1.830417426920658741e+01
7.551522782923979094e+01
5.330446023712896420e+01
8.859206271865200222e+01
-1.448765792509979349e+02
-2.271602826518501672e+01
8.530838555176089244e+00
6.132016078385458968e+01
3.410056573734550511e+01
-5.968175283260062258e+01
3.878387670959305922e+01
3.052029118173403788e+01
8.310800139904344519e+01
-3.760600678469899805e+01
5.397473439605212775e+01
6.427281031066210915e+01
6.272966875746073256e+00
2.971058121870878210e+01
-7.879192514860417162e+00
-1.008338976144444530e+02
7.801948807406072106e+00
-7.130788548854394548e+01
9.025646223076898877e+01
3.873156038352324515e+01
-7.822453683074566300e+01
8.467169513146814097e+00
1.797525469489525562e+01
-6.473679463141923662e+00
2.090235829006422108e+01
-3.245181736756990176e-01
5.849339883811284579e+01
-4.190028054897075549e+01
-1.095990150830962762e+02
5.615748473680721276e+01
8.272024748317221565e+00
4.967085286929501819e+01
4.004474832592183731e+00
-9.750378574018122890e+01
1.867208159123718048e+01
-6.731989887419094032e+01
6.802735569539728999e+01
6.694700544553253962e+01
-1.519463925495092838e+01
-1.617595575686249276e+01
-4.894474382031560822e+01
1.603555406585498488e+01
1.885180403854400311e+01
7.433252232714849583e+01
9.098416392929277663e+01
7.361755007899044756e+01
1.111537596501284924e+02
-1.267487957146952171e+00
5.336419133356202593e+01
1.292770575332250438e+01
-1.052496793109902029e+01
1.677702230280752005e+01
-2.388770492714566984e+00
-7.459562096317353053e+01
-2.699514806577712278e+01
-4.818013443831708997e+01
1.042387622969616103e+02
1.996329281537173017e+01
-1.061700685821197787e+01
-1.117526567369184249e+02
2.708996184677880947e+01
1.560350438920874439e+01
6.840326599264975016e+01
-8.547181450651062562e+01
1.121832955572692612e+02
1.979546376465236435e+01
5.443971975075476877e+01
-3.137610628552900849e+01
7.107937149607764127e+01
-3.424939276216090178e+01
3.454209682084562161e+01
1.037319296223739968e+02
5.194194450986492484e+01
-1.251570810372125919e+00
1.881565771440371648e+01
1.066451606305649165e+02
1.725356839939750841e+01
-3.726729297574222954e+01
5.390582361645929410e+01
-1.886210847872413865e+02
7.641515221799852497e+01
7.565139068011140466e+01
1.024950880526980512e+02
1.096643047202549326e+02
6.612775957725953901e+01
6.918613557393278768e+01
8.639095391642219113e+01
9.712392349385760326e+01
1.158203729667200754e+01
-4.490054411034637383e+01
-6.919686859264449197e+01
9.406112168445261545e+01
-9.962607498928659311e+01
5.896308816455916002e+01
3.027279868407428154e+01
1.056027622076580457e+02
3.773025913934143460e+01
-8.275170740693738480e+01
8.829300396601473722e+01
1.058594459840988549e+02
-2.997109267119196829e+01
3.388621231784949117e+00
8.788296336280314591e+00
6.402596062372708730e+01
9.466615605846045867e+01
7.114619244145367816e+01
-1.143702641638592183e+02
2.370462418492975942e+01
5.994953049063729367e+01
4.960335861282717751e+00
2.482455842799320411e+00
5.727011886014042652e+00
-1.252047546573077597e+01
6.185848502286059869e+01
-1.102578981909337408e+01
-4.579964536204973768e+01
-5.398838797605188233e+01
1.182106690708909298e+02
7.919696453086638144e+01
-1.033950653090289791e+02
8.514467119442011267e+01
1.238408883350725205e+02
6.547553056072230504e+01
5.642897167207499898e+00
-3.032461679944425015e+01
4.536777781819687760e+01
-6.900044085571825470e+00
5.627933858471541129e+01
3.375126956510022325e+01
5.477518591003429549e+01
3.949309217632585955e+01
3.315503062462495620e+01
1.341453617320265046e+01
9.324192542351956092e+01
2.518185012929786737e+01
7.075987449507977090e+01
-1.192449959562141544e+02
-3.524215257875731311e+00
3.711668189047250621e+01
1.880339133005386287e+01
1.850435830748191535e+01
3.788399226316337121e+01
8.258557384312842942e+01
5.590752620123041794e+01
8.601513981770850137e+01
1.034700240050533040e+02
-4.992424349771262371e+01
4.142518720150069100e+01
3.276012258918079567e+01
-6.090563698025982120e+01
1.138958223118324042e+02
1.236835291944767512e+01
-4.584378064112060969e+01
-1.708763453300520609e+02
-3.351960503899678656e+01
-6.783229263689112543e+01
4.804515187889880679e+01
-3.723066372720899686e+00
2.976522497118765287e+01
2.903627987506767738e+01
-4.363270999946247741e+01
-1.101971755902883388e+01
-3.307624602729781316e+00
-6.125464919662027441e+00
8.637470030037854940e+01
8.001428350862904892e+01
2.107368496593213791e+01
8.349822272345502938e+01
1.190283567711559414e+02
1.227543814034568044e+02
7.309151953648699873e+01
8.298601235285539701e+01
1.000130511687524830e+02
6.984766850117634363e+01
8.856760614831740952e+01
9.930503232911436839e+01
-6.432584681989555975e+01
6.456969538956167298e+01
3.069453702481288460e+01
-2.469492012547249260e+01
3.616168001987560388e+01
-1.250176093696279480e+02
6.558734914087534662e+01
1.019276280534813850e+02
7.544259933757393810e+01
1.132747957405438655e+02
4.416911953778942745e+01
4.417917981435049057e+01
9.750312128448193505e+01
2.620343814552811290e-01
2.195579295902059513e+01
7.586244647128026486e+01
4.889406897848191136e+01
7.831411210999512207e+01
1.050781023349328649e+02
8.768448263860709346e+01
3.975739122313294160e+01
8.724557524666082031e+01
-7.636022150521864837e+00
1.307239828612959620e+01
1.056355289829182453e+02
-1.135547008804233968e+02
1.162454040121804155e+02
-5.481871752970111800e+01
4.839114232421610318e+00
1.284087451538446203e+02
1.010348800109862140e+02
1.054223692007018798e+02
9.385254577173601831e+01
-1.316219004214775623e+02
6.156106782012060563e+01
5.616796973230177770e+01
3.952783793944266932e+00
1.172364306823158273e+02
7.904257781019559559e+01
5.352173485290959576e+01
7.187822573046369712e+01
5.394756070790847247e+01
4.489317530345198293e+01
9.776262889461540340e+01
-1.642405956371444731e+01
6.625111911598872894e+01
7.073736189227165028e+01
-4.001545870239706204e+01
1.323628497977626139e+01
6.555245283010167157e+01
1.142134503882706831e+01
1.041004773495618707e+01
-4.178429004302486760e+01
-1.816732841723313996e+01
-6.319939011483711511e+00
8.204704488760216918e+01
3.372116895163397743e+01
5.669871737145791712e+01
-9.732860889814205052e+00
1.183650233543582289e+02
8.133701742483100361e+01
1.173142459123812955e+02
8.400680311522808097e+01
-4.770323376524429904e+01
3.770829935909429764e+01
9.282074007036986529e+01
-4.132584253823824127e+01
3.626353458037277733e+01
8.336171730724812790e+01
1.100905712706139497e+02
1.181149616285067765e+02
9.727324136208912364e+01
-3.397716153920626425e+01
1.845387347888250318e+01
-1.751082524469828172e+02
9.210330507063596883e+01
-9.592101544952484460e+01
2.472897731392417597e+01
1.231252018029641562e+02
8.102946561952794724e+00
1.032556859609190525e+02
1.142321039670385829e+02
7.063140784126150606e+01
4.360154194810030504e+01
1.987767366861757523e+01
7.227474939455808567e+01
2.973968073657405231e+00
3.261715866759494276e+01
5.767995153665065544e+01
-8.393167508863690784e+01
9.339666547000797436e+01
-8.299528923695470439e+01
5.454211088455905099e+01
4.399532962205996967e+01
-9.116747509524940085e+01
2.441352376265817981e+01
-1.592975434752115405e+01
8.947801731392500812e+01
3.897985821858975442e+01
-7.628511499020042663e+01
5.508496385175771337e+01
8.817749428317890192e+01
5.587571102927492461e+01
-1.434698376488900529e+01
1.102193977776064031e+02
4.207435267764698494e+01
4.062299724571725790e+01
3.504340182965259487e+01
4.521823763672101393e+01
5.864026763182305046e+01
9.671433542684560791e+01
5.943514603805593310e+01
8.526332975991039120e+00
9.499468611278535946e+01
4.187655977588261180e+01
1.227044888756468026e+02
9.899288536692994001e+01
7.167477944323192673e+01
1.692394200614297972e+01
1.054203679891812300e+02
-2.498788420201845994e+00
4.069455431867172024e+01
1.142845510443794694e+02
1.598966582633256017e+01
3.211755936110888854e+01
-2.770976984852638481e+01
5.623291960671274126e+01
2.336776711807971640e+00
-2.313855073590491429e+01
3.500826937456697863e+01
6.382211375878247850e+01
1.035423570747610853e+02
8.710503423784292920e+01
1.457197419520708337e+01
-4.408436677323178898e+00
2.428387437272748528e+01
1.065085051116941344e+02
1.114623244619414919e+02
9.390932178289200749e+01
1.035265959396128466e+02
9.138536679896444070e+01
2.663464689436133526e+01
5.356354852399511657e+01
-6.400093434113556157e+01
8.661602128360233621e+01
2.040267724265824612e+01
-4.563342458107494082e+01
1.077478035674251799e+02
-9.582744996197907028e+01
-1.573916781079729432e+01
8.797479425734323399e+01
4.552341510146837322e+01
1.197683639082091815e+02
4.434129713648543003e+01
1.017330097009815546e+02
6.479065278048652488e+01
1.847367201983065499e+01
3.430458012758259567e+00
7.667891537834219662e+01
4.069848127780521452e+01
1.122053825636944708e+02
8.713108732123090761e+01
4.862589450756415488e+01
8.556311085755039869e+01
5.251217410719694278e+00
1.068990398207713781e+02
8.912131664783794349e+01
-2.839590303021473972e+01
-3.209619587525936879e+01
1.110874827640293319e+02
9.704130947305418431e+01
1.138170157981029291e+02
1.196351771268499249e+02
8.449365163686728408e+01
9.039544288836341934e+01
7.034241195599496166e+01
6.182483514399603308e+01
1.241408892803315211e+02
7.146612552399906804e+01
5.256898782794610980e+01
-3.231918905907451744e+01
1.200110394691534736e+02
9.793729080843661450e+01
3.545358300395492712e+00
-3.369679646170943244e+01
8.782016872125954876e+01
3.144045698728711358e+01
7.981192003011284442e+01
1.311629931846454156e+00
1.165953174586560976e+02
6.303195282361942731e+01
7.111920804171226962e+00
5.847508511703148670e+00
9.598838460436728326e+01
6.889110451341805685e+01
9.385301376955317210e+01
9.584589771202567476e+01
-8.433371664249816035e+01
1.244463167558167243e+02
2.739912060138399852e+01
9.319420859757266840e+01
1.134705314471158601e+02
9.935408786862589636e+01
1.180409997115421277e+02
5.409678162033011972e+01
1.261711139914909836e+02
1.119105963802095260e+02
6.735517348485154798e+01
8.830241613890785857e+01
1.052422722422495838e+02
6.488955638783883728e+01
7.267894586555533465e+01
-8.497781822206691871e+00
1.123671287573057782e+02
8.006572793583823966e+01
2.665562429399226119e+01
6.551791814260622004e+01
6.388687184866515878e+01
4.008080719421460714e+00
4.604761753015509385e+01
9.569388675778272102e+01
6.744399430619878899e+01
8.139321278657797620e+01
7.484499309083685148e+01
1.193001398122388110e+02
1.189476134029704042e+02
9.023494011156001804e+00
1.152661827525051450e+02
6.483747936840902071e+01
-3.582321796529349456e+01
1.231472812229075799e+02
1.218214322449356786e+02
9.859825292506666017e+01
7.544925796530071693e+01
1.062904909560271562e+02
1.192118954006329403e+02
1.085742284667647937e+02
-2.065016083400413294e+01
8.741256735579555937e+01
3.910510386734117105e+00
9.370913768771653451e+01
-2.986371685976132540e+01
7.597504321928667537e+01
9.173817416606735264e+01
1.132817502965125271e+02
1.038522216742883728e+02
6.119913126757640498e+01
1.163298593449096785e+02
1.132722003707351206e+02
1.144761539203847747e+02
1.036011235630512459e+02
9.525957307107249505e+01
9.671870028002098252e+01
-5.395867946410993454e+01
9.696822665111426431e+01
4.568967521554658617e+01
1.012423499557238102e+02
4.606927724484297215e+01
8.872098753581322228e+01
1.001612053713490269e+02
-5.941053976721023311e+00
3.875071603175597090e+01
1.243060042128741856e+02
2.353365968290182053e+01
9.295578231168455829e+01
6.153883603785238421e+01
1.261433936736787018e+02
9.989892557572126464e+01
2.667015664223039906e+01
3.618785379309250061e+01
2.313291406748368928e+01
1.006187571912827536e+02
-8.240330955881414411e+03
1.015232838496867487e+02
1.263066194510833213e+02
1.151963886648428570e+02
2.446489944049286080e+01
-7.242097487324286931e+01
5.651307305996493824e+01
8.212572927211674312e+01
-3.078743994555592067e+01
6.733260111945628523e+01
1.532917493600921155e+01
7.821256705813146937e+01
1.009293177399111983e+02
6.278154373686933098e+01
-1.558642706895707342e+01
3.645941750570597861e+01
4.954537059554522216e+01
8.840604290611967997e+01
9.762856819887359450e+01
7.028276782923265387e+01
3.040605989494420669e+01
1.018815929437869272e+02
4.766160883803689785e+01
7.887548023153652821e+01
9.639133926804531427e+01
8.890563118962386113e+01
6.373785601065068107e+01
1.204125405502054065e+02
2.640750607114807380e+01
-1.342308448999147075e+01
7.584098849539988407e+01
-2.964096796884382812e+01
5.798062610811698647e+01
1.083732988845894596e+02
8.200183994853858849e+01
1.029266170785309242e+02
1.172170804475767198e+02
1.212007640249042595e+02
1.183632659051716587e+02
1.001424705611569834e+02
5.972894254777589396e+01
9.548607517688063240e+01
-1.566931665477024005e+01
7.324213365205919501e+01
8.515767044384519124e+01
6.599086140274437184e+00
9.847537877978412268e+01
2.003425607731259817e+01
1.135994927968094430e+02
6.682201764714940850e+01
1.039919355597567119e+02
8.020368862198304782e+01
1.050982068775993525e+02
1.155153186543217885e+02
1.185336951329475994e+02
9.191710487894154369e+01
6.221029479019295394e+01
1.167814173565272000e+02
1.030783945924044076e+02
1.235154049331266464e+02
1.118283277776634890e+02
1.137389585312534734e+02
8.241041888312165042e+01
1.056738322925558577e+02
8.084955167941528487e+01
-2.820913070288402658e+00
-4.003996995575924700e+01
1.205901889808618961e+02
1.071548713717192385e+02
1.176694745653718996e+02
6.103802241846159404e+01
1.153959193001961694e+02
8.811403649760508472e+01
7.461374919752225310e+01
1.229982231348253237e+02
1.151493553817707891e+02
9.668500278892078370e+01
9.266700816776950944e+01
1.143459488325964486e+02
8.529859302852960923e+01
3.915403318264023369e+01
9.333942551798571685e+01
9.925007457097525787e+01
7.285249383511943222e+01
4.594986089481477620e+01
-1.701613239712071390e+01
1.138490603729729571e+02
-1.162125106109386330e+01
3.145453114114283721e+01
7.814394564641142438e+01
8.215477193774057696e+01
9.932391291886705176e+01
5.866064012433295005e+01
6.227155933146905653e+01
3.133758115619230011e+01
1.043010774886773220e+02
6.582685625829526543e+01
1.173196095614862600e+02
1.259707199889352438e+02
1.074872222398202410e+02
-5.005882361862996532e+01
1.118747813005436313e+02
1.040815352899153936e+02
9.781207785763677975e+01
1.069726063329374171e+02
-5.762788114633958259e+01
-3.668776956281548873e+00
1.190615651813817095e+02
8.956127763428280275e+01
6.873925421433877148e+01
7.548230048183097551e+01
-2.938167631564145310e+01
8.002764988093323950e+01
1.086392298684841222e+02
5.621028087791846417e+01
9.016883707321959207e+01
8.827997025556979338e+01
2.340646674571277686e+01
7.885115939692131803e+01
1.069155007719104304e+02
5.740250202485670172e+01
-6.618515194791025635e+01
5.830365488638407356e+01
1.131938331382663705e+02
4.521535311947826585e+01
1.052427390962434544e+02
-1.631197029008973942e+01
8.070370042655630982e+01
9.147784045743441084e+01
1.612520136673053273e+01
1.185725267699378804e+02
9.784963524651817579e+01
8.852740115539228327e+01
9.831771215691912857e+01
8.217859650196729149e+01
-1.438107204484437318e+01
9.596694744373105834e+01
9.736606035613819188e+01
1.159365172799365240e+02
7.581370349763480476e+01
1.969790801711001649e+01
-2.945014986297782045e+01
1.143281796476143484e+02
1.177045816071176176e+02
1.142533108572750962e+02
8.886343497541780323e+01
8.737241042024088244e+01
1.177655056331262671e+02
-1.229927135585521647e+01
-4.000996666635452392e+00
6.992085922212068283e+01
1.132559161585352285e+02
2.179675183179135445e+00
1.159378374373359435e+02
7.308444343624267958e+01
