2.710000000000000000e+02
2.280000000000000000e+02
2.270000000000000000e+02
4.290000000000000000e+02
5.250000000000000000e+02
2.990000000000000000e+02
2.840000000000000000e+02
2.530000000000000000e+02
4.410000000000000000e+02
6.480000000000000000e+02
6.190000000000000000e+02
2.900000000000000000e+02
3.910000000000000000e+02
2.760000000000000000e+02
5.690000000000000000e+02
2.600000000000000000e+02
2.910000000000000000e+02
2.440000000000000000e+02
1.000000000000000000e+03
1.000000000000000000e+03
4.720000000000000000e+02
9.660000000000000000e+02
2.950000000000000000e+02
2.800000000000000000e+02
2.990000000000000000e+02
2.590000000000000000e+02
5.180000000000000000e+02
3.090000000000000000e+02
5.290000000000000000e+02
6.740000000000000000e+02
9.180000000000000000e+02
2.730000000000000000e+02
6.670000000000000000e+02
3.970000000000000000e+02
3.580000000000000000e+02
2.570000000000000000e+02
2.800000000000000000e+02
6.330000000000000000e+02
3.080000000000000000e+02
2.440000000000000000e+02
2.960000000000000000e+02
1.000000000000000000e+03
2.890000000000000000e+02
1.000000000000000000e+03
4.600000000000000000e+02
1.000000000000000000e+03
4.130000000000000000e+02
1.000000000000000000e+03
2.480000000000000000e+02
3.000000000000000000e+02
3.430000000000000000e+02
1.000000000000000000e+03
5.850000000000000000e+02
3.990000000000000000e+02
1.000000000000000000e+03
4.050000000000000000e+02
2.420000000000000000e+02
2.360000000000000000e+02
2.960000000000000000e+02
3.070000000000000000e+02
2.720000000000000000e+02
3.150000000000000000e+02
2.970000000000000000e+02
2.000000000000000000e+02
4.590000000000000000e+02
2.720000000000000000e+02
2.660000000000000000e+02
6.700000000000000000e+02
2.440000000000000000e+02
5.480000000000000000e+02
6.640000000000000000e+02
2.660000000000000000e+02
7.370000000000000000e+02
4.890000000000000000e+02
2.620000000000000000e+02
1.000000000000000000e+03
2.280000000000000000e+02
6.320000000000000000e+02
2.400000000000000000e+02
2.250000000000000000e+02
2.650000000000000000e+02
2.350000000000000000e+02
4.850000000000000000e+02
5.840000000000000000e+02
3.730000000000000000e+02
2.240000000000000000e+02
2.950000000000000000e+02
2.160000000000000000e+02
4.350000000000000000e+02
3.150000000000000000e+02
1.000000000000000000e+03
1.000000000000000000e+03
1.000000000000000000e+03
2.180000000000000000e+02
3.910000000000000000e+02
2.830000000000000000e+02
6.530000000000000000e+02
2.540000000000000000e+02
8.750000000000000000e+02
3.030000000000000000e+02
1.000000000000000000e+03
2.950000000000000000e+02
1.000000000000000000e+03
4.650000000000000000e+02
1.000000000000000000e+03
3.410000000000000000e+02
4.700000000000000000e+02
1.000000000000000000e+03
3.130000000000000000e+02
2.940000000000000000e+02
2.480000000000000000e+02
5.330000000000000000e+02
2.180000000000000000e+02
5.650000000000000000e+02
2.790000000000000000e+02
5.430000000000000000e+02
2.920000000000000000e+02
9.300000000000000000e+02
2.350000000000000000e+02
3.450000000000000000e+02
2.640000000000000000e+02
1.000000000000000000e+03
2.460000000000000000e+02
3.940000000000000000e+02
2.190000000000000000e+02
6.670000000000000000e+02
1.000000000000000000e+03
4.150000000000000000e+02
1.000000000000000000e+03
3.280000000000000000e+02
2.810000000000000000e+02
1.000000000000000000e+03
8.610000000000000000e+02
3.620000000000000000e+02
3.910000000000000000e+02
1.000000000000000000e+03
3.630000000000000000e+02
2.840000000000000000e+02
2.610000000000000000e+02
3.100000000000000000e+02
2.280000000000000000e+02
1.000000000000000000e+03
2.440000000000000000e+02
4.340000000000000000e+02
6.700000000000000000e+02
1.000000000000000000e+03
2.800000000000000000e+02
3.170000000000000000e+02
3.090000000000000000e+02
6.550000000000000000e+02
1.000000000000000000e+03
2.550000000000000000e+02
2.680000000000000000e+02
2.810000000000000000e+02
2.160000000000000000e+02
1.000000000000000000e+03
2.860000000000000000e+02
4.370000000000000000e+02
1.000000000000000000e+03
2.980000000000000000e+02
4.220000000000000000e+02
4.430000000000000000e+02
3.790000000000000000e+02
3.820000000000000000e+02
2.770000000000000000e+02
4.640000000000000000e+02
2.650000000000000000e+02
2.500000000000000000e+02
6.780000000000000000e+02
4.410000000000000000e+02
7.870000000000000000e+02
2.890000000000000000e+02
2.900000000000000000e+02
4.140000000000000000e+02
2.920000000000000000e+02
6.110000000000000000e+02
2.650000000000000000e+02
7.210000000000000000e+02
2.270000000000000000e+02
3.450000000000000000e+02
8.390000000000000000e+02
2.250000000000000000e+02
9.910000000000000000e+02
3.150000000000000000e+02
2.560000000000000000e+02
2.950000000000000000e+02
2.860000000000000000e+02
7.590000000000000000e+02
2.580000000000000000e+02
1.000000000000000000e+03
6.430000000000000000e+02
5.210000000000000000e+02
1.000000000000000000e+03
2.290000000000000000e+02
3.340000000000000000e+02
2.650000000000000000e+02
6.990000000000000000e+02
4.670000000000000000e+02
3.620000000000000000e+02
2.560000000000000000e+02
1.000000000000000000e+03
5.530000000000000000e+02
2.310000000000000000e+02
2.660000000000000000e+02
1.000000000000000000e+03
6.420000000000000000e+02
2.520000000000000000e+02
5.090000000000000000e+02
4.570000000000000000e+02
2.310000000000000000e+02
4.690000000000000000e+02
4.770000000000000000e+02
4.100000000000000000e+02
4.350000000000000000e+02
2.200000000000000000e+02
2.480000000000000000e+02
5.800000000000000000e+02
5.130000000000000000e+02
3.340000000000000000e+02
5.670000000000000000e+02
4.320000000000000000e+02
1.000000000000000000e+03
2.750000000000000000e+02
2.690000000000000000e+02
5.020000000000000000e+02
2.410000000000000000e+02
2.880000000000000000e+02
7.340000000000000000e+02
3.740000000000000000e+02
2.520000000000000000e+02
1.000000000000000000e+03
2.630000000000000000e+02
1.000000000000000000e+03
1.000000000000000000e+03
5.850000000000000000e+02
2.260000000000000000e+02
2.990000000000000000e+02
1.000000000000000000e+03
9.050000000000000000e+02
1.000000000000000000e+03
4.410000000000000000e+02
6.280000000000000000e+02
2.520000000000000000e+02
6.820000000000000000e+02
6.660000000000000000e+02
1.000000000000000000e+03
6.990000000000000000e+02
4.300000000000000000e+02
3.180000000000000000e+02
8.990000000000000000e+02
2.690000000000000000e+02
2.420000000000000000e+02
2.820000000000000000e+02
2.560000000000000000e+02
1.900000000000000000e+02
3.320000000000000000e+02
2.970000000000000000e+02
3.040000000000000000e+02
1.000000000000000000e+03
2.520000000000000000e+02
6.350000000000000000e+02
5.880000000000000000e+02
5.990000000000000000e+02
2.610000000000000000e+02
2.570000000000000000e+02
2.630000000000000000e+02
2.340000000000000000e+02
4.500000000000000000e+02
2.620000000000000000e+02
1.000000000000000000e+03
2.300000000000000000e+02
1.000000000000000000e+03
3.140000000000000000e+02
2.630000000000000000e+02
2.580000000000000000e+02
3.040000000000000000e+02
2.270000000000000000e+02
2.440000000000000000e+02
1.000000000000000000e+03
2.410000000000000000e+02
3.130000000000000000e+02
2.690000000000000000e+02
2.260000000000000000e+02
1.000000000000000000e+03
1.000000000000000000e+03
2.820000000000000000e+02
2.550000000000000000e+02
3.020000000000000000e+02
3.410000000000000000e+02
7.170000000000000000e+02
6.840000000000000000e+02
1.000000000000000000e+03
1.000000000000000000e+03
1.000000000000000000e+03
6.520000000000000000e+02
1.000000000000000000e+03
2.400000000000000000e+02
2.640000000000000000e+02
1.000000000000000000e+03
4.140000000000000000e+02
2.720000000000000000e+02
5.040000000000000000e+02
6.740000000000000000e+02
8.000000000000000000e+02
3.300000000000000000e+02
4.820000000000000000e+02
3.290000000000000000e+02
2.780000000000000000e+02
2.580000000000000000e+02
2.470000000000000000e+02
1.000000000000000000e+03
5.000000000000000000e+02
2.320000000000000000e+02
2.750000000000000000e+02
2.290000000000000000e+02
1.000000000000000000e+03
1.000000000000000000e+03
4.010000000000000000e+02
1.000000000000000000e+03
2.820000000000000000e+02
6.190000000000000000e+02
7.220000000000000000e+02
2.800000000000000000e+02
3.550000000000000000e+02
1.000000000000000000e+03
2.210000000000000000e+02
2.580000000000000000e+02
1.000000000000000000e+03
1.000000000000000000e+03
2.450000000000000000e+02
7.440000000000000000e+02
1.000000000000000000e+03
2.520000000000000000e+02
6.290000000000000000e+02
9.370000000000000000e+02
3.790000000000000000e+02
4.130000000000000000e+02
2.460000000000000000e+02
1.000000000000000000e+03
5.810000000000000000e+02
1.000000000000000000e+03
2.700000000000000000e+02
4.490000000000000000e+02
2.470000000000000000e+02
2.440000000000000000e+02
9.050000000000000000e+02
9.810000000000000000e+02
2.690000000000000000e+02
4.340000000000000000e+02
1.000000000000000000e+03
3.270000000000000000e+02
6.160000000000000000e+02
1.000000000000000000e+03
1.000000000000000000e+03
1.000000000000000000e+03
2.280000000000000000e+02
2.270000000000000000e+02
2.230000000000000000e+02
1.000000000000000000e+03
3.040000000000000000e+02
7.200000000000000000e+02
2.290000000000000000e+02
6.000000000000000000e+02
2.570000000000000000e+02
2.250000000000000000e+02
1.000000000000000000e+03
1.000000000000000000e+03
2.180000000000000000e+02
1.000000000000000000e+03
6.640000000000000000e+02
4.830000000000000000e+02
2.500000000000000000e+02
1.000000000000000000e+03
8.610000000000000000e+02
2.970000000000000000e+02
1.000000000000000000e+03
3.490000000000000000e+02
2.670000000000000000e+02
5.710000000000000000e+02
6.200000000000000000e+02
1.000000000000000000e+03
9.550000000000000000e+02
9.470000000000000000e+02
1.000000000000000000e+03
3.050000000000000000e+02
4.050000000000000000e+02
1.000000000000000000e+03
1.000000000000000000e+03
2.690000000000000000e+02
6.850000000000000000e+02
2.900000000000000000e+02
1.000000000000000000e+03
9.550000000000000000e+02
2.800000000000000000e+02
2.250000000000000000e+02
1.000000000000000000e+03
2.710000000000000000e+02
6.440000000000000000e+02
1.000000000000000000e+03
2.450000000000000000e+02
2.930000000000000000e+02
2.720000000000000000e+02
4.040000000000000000e+02
2.790000000000000000e+02
4.970000000000000000e+02
4.290000000000000000e+02
2.470000000000000000e+02
2.670000000000000000e+02
2.730000000000000000e+02
2.300000000000000000e+02
2.500000000000000000e+02
1.000000000000000000e+03
2.750000000000000000e+02
5.340000000000000000e+02
4.220000000000000000e+02
5.490000000000000000e+02
4.960000000000000000e+02
2.300000000000000000e+02
6.880000000000000000e+02
2.650000000000000000e+02
3.530000000000000000e+02
2.680000000000000000e+02
2.840000000000000000e+02
2.930000000000000000e+02
2.600000000000000000e+02
6.550000000000000000e+02
4.200000000000000000e+02
3.050000000000000000e+02
6.570000000000000000e+02
2.580000000000000000e+02
2.140000000000000000e+02
3.150000000000000000e+02
3.260000000000000000e+02
2.680000000000000000e+02
2.390000000000000000e+02
4.900000000000000000e+02
4.870000000000000000e+02
6.210000000000000000e+02
2.440000000000000000e+02
2.870000000000000000e+02
4.860000000000000000e+02
3.130000000000000000e+02
2.500000000000000000e+02
6.140000000000000000e+02
1.000000000000000000e+03
1.000000000000000000e+03
1.000000000000000000e+03
2.810000000000000000e+02
3.560000000000000000e+02
1.000000000000000000e+03
2.650000000000000000e+02
1.000000000000000000e+03
4.900000000000000000e+02
5.070000000000000000e+02
1.000000000000000000e+03
8.750000000000000000e+02
2.870000000000000000e+02
2.680000000000000000e+02
1.000000000000000000e+03
5.110000000000000000e+02
2.180000000000000000e+02
1.000000000000000000e+03
7.980000000000000000e+02
9.440000000000000000e+02
4.090000000000000000e+02
2.530000000000000000e+02
1.000000000000000000e+03
2.770000000000000000e+02
2.690000000000000000e+02
3.020000000000000000e+02
3.330000000000000000e+02
7.900000000000000000e+02
2.710000000000000000e+02
4.460000000000000000e+02
1.000000000000000000e+03
2.580000000000000000e+02
1.000000000000000000e+03
4.750000000000000000e+02
6.970000000000000000e+02
3.180000000000000000e+02
2.310000000000000000e+02
6.290000000000000000e+02
1.000000000000000000e+03
2.950000000000000000e+02
6.410000000000000000e+02
2.780000000000000000e+02
2.440000000000000000e+02
3.920000000000000000e+02
3.370000000000000000e+02
3.070000000000000000e+02
4.670000000000000000e+02
3.900000000000000000e+02
1.000000000000000000e+03
4.680000000000000000e+02
1.000000000000000000e+03
4.720000000000000000e+02
8.060000000000000000e+02
6.030000000000000000e+02
2.910000000000000000e+02
6.690000000000000000e+02
5.820000000000000000e+02
4.750000000000000000e+02
2.270000000000000000e+02
9.270000000000000000e+02
2.680000000000000000e+02
2.940000000000000000e+02
2.480000000000000000e+02
2.960000000000000000e+02
6.970000000000000000e+02
5.940000000000000000e+02
9.290000000000000000e+02
3.780000000000000000e+02
4.730000000000000000e+02
4.560000000000000000e+02
2.760000000000000000e+02
5.290000000000000000e+02
2.730000000000000000e+02
1.000000000000000000e+03
2.390000000000000000e+02
4.080000000000000000e+02
2.970000000000000000e+02
1.000000000000000000e+03
3.860000000000000000e+02
7.300000000000000000e+02
1.000000000000000000e+03
6.920000000000000000e+02
1.000000000000000000e+03
1.000000000000000000e+03
2.630000000000000000e+02
8.890000000000000000e+02
2.200000000000000000e+02
1.000000000000000000e+03
8.700000000000000000e+02
8.820000000000000000e+02
1.000000000000000000e+03
6.290000000000000000e+02
1.000000000000000000e+03
1.000000000000000000e+03
1.000000000000000000e+03
1.000000000000000000e+03
2.410000000000000000e+02
2.520000000000000000e+02
1.000000000000000000e+03
3.490000000000000000e+02
2.590000000000000000e+02
3.700000000000000000e+02
2.310000000000000000e+02
3.050000000000000000e+02
2.680000000000000000e+02
2.520000000000000000e+02
2.890000000000000000e+02
2.930000000000000000e+02
6.200000000000000000e+02
1.000000000000000000e+03
2.990000000000000000e+02
3.510000000000000000e+02
4.600000000000000000e+02
3.490000000000000000e+02
4.740000000000000000e+02
1.000000000000000000e+03
2.630000000000000000e+02
2.390000000000000000e+02
8.990000000000000000e+02
5.380000000000000000e+02
2.750000000000000000e+02
4.930000000000000000e+02
9.110000000000000000e+02
3.290000000000000000e+02
1.000000000000000000e+03
1.000000000000000000e+03
2.150000000000000000e+02
6.520000000000000000e+02
6.360000000000000000e+02
1.000000000000000000e+03
4.970000000000000000e+02
1.700000000000000000e+02
4.280000000000000000e+02
4.780000000000000000e+02
1.000000000000000000e+03
5.650000000000000000e+02
1.000000000000000000e+03
1.000000000000000000e+03
1.000000000000000000e+03
4.320000000000000000e+02
2.210000000000000000e+02
3.050000000000000000e+02
3.080000000000000000e+02
2.740000000000000000e+02
1.000000000000000000e+03
3.870000000000000000e+02
5.400000000000000000e+02
5.480000000000000000e+02
5.810000000000000000e+02
3.970000000000000000e+02
1.000000000000000000e+03
3.940000000000000000e+02
2.550000000000000000e+02
2.410000000000000000e+02
6.880000000000000000e+02
2.950000000000000000e+02
3.090000000000000000e+02
6.050000000000000000e+02
8.550000000000000000e+02
2.430000000000000000e+02
1.000000000000000000e+03
2.710000000000000000e+02
9.960000000000000000e+02
1.000000000000000000e+03
7.630000000000000000e+02
3.030000000000000000e+02
3.340000000000000000e+02
4.530000000000000000e+02
7.630000000000000000e+02
8.700000000000000000e+02
2.480000000000000000e+02
3.060000000000000000e+02
1.000000000000000000e+03
2.440000000000000000e+02
3.350000000000000000e+02
6.630000000000000000e+02
2.540000000000000000e+02
3.370000000000000000e+02
1.000000000000000000e+03
7.980000000000000000e+02
3.670000000000000000e+02
2.080000000000000000e+02
2.640000000000000000e+02
1.000000000000000000e+03
2.760000000000000000e+02
2.980000000000000000e+02
2.620000000000000000e+02
4.430000000000000000e+02
5.250000000000000000e+02
2.700000000000000000e+02
4.920000000000000000e+02
9.940000000000000000e+02
2.940000000000000000e+02
6.190000000000000000e+02
2.670000000000000000e+02
3.180000000000000000e+02
2.640000000000000000e+02
2.300000000000000000e+02
1.000000000000000000e+03
1.000000000000000000e+03
2.830000000000000000e+02
3.090000000000000000e+02
2.420000000000000000e+02
3.200000000000000000e+02
7.760000000000000000e+02
2.740000000000000000e+02
2.130000000000000000e+02
7.110000000000000000e+02
6.500000000000000000e+02
2.330000000000000000e+02
4.360000000000000000e+02
1.000000000000000000e+03
1.000000000000000000e+03
4.150000000000000000e+02
2.830000000000000000e+02
2.200000000000000000e+02
6.120000000000000000e+02
3.110000000000000000e+02
2.820000000000000000e+02
2.930000000000000000e+02
1.000000000000000000e+03
2.460000000000000000e+02
4.660000000000000000e+02
6.200000000000000000e+02
2.950000000000000000e+02
4.420000000000000000e+02
4.130000000000000000e+02
4.860000000000000000e+02
1.000000000000000000e+03
7.760000000000000000e+02
2.630000000000000000e+02
8.150000000000000000e+02
3.660000000000000000e+02
6.830000000000000000e+02
3.240000000000000000e+02
4.870000000000000000e+02
1.000000000000000000e+03
5.280000000000000000e+02
2.980000000000000000e+02
1.000000000000000000e+03
1.000000000000000000e+03
5.830000000000000000e+02
2.700000000000000000e+02
4.370000000000000000e+02
4.440000000000000000e+02
6.990000000000000000e+02
2.160000000000000000e+02
4.500000000000000000e+02
1.000000000000000000e+03
2.880000000000000000e+02
1.000000000000000000e+03
3.030000000000000000e+02
6.280000000000000000e+02
2.180000000000000000e+02
1.000000000000000000e+03
2.830000000000000000e+02
2.710000000000000000e+02
5.930000000000000000e+02
1.000000000000000000e+03
2.640000000000000000e+02
2.590000000000000000e+02
2.630000000000000000e+02
1.000000000000000000e+03
6.030000000000000000e+02
5.030000000000000000e+02
6.700000000000000000e+02
6.650000000000000000e+02
9.050000000000000000e+02
1.000000000000000000e+03
4.610000000000000000e+02
1.000000000000000000e+03
2.930000000000000000e+02
3.260000000000000000e+02
1.000000000000000000e+03
1.000000000000000000e+03
5.940000000000000000e+02
8.000000000000000000e+02
2.710000000000000000e+02
1.000000000000000000e+03
1.000000000000000000e+03
7.180000000000000000e+02
2.520000000000000000e+02
1.000000000000000000e+03
2.220000000000000000e+02
3.180000000000000000e+02
2.800000000000000000e+02
2.190000000000000000e+02
2.790000000000000000e+02
2.660000000000000000e+02
3.400000000000000000e+02
4.430000000000000000e+02
4.460000000000000000e+02
2.880000000000000000e+02
3.040000000000000000e+02
2.480000000000000000e+02
3.940000000000000000e+02
6.890000000000000000e+02
2.840000000000000000e+02
1.000000000000000000e+03
6.960000000000000000e+02
8.760000000000000000e+02
7.890000000000000000e+02
4.160000000000000000e+02
6.250000000000000000e+02
2.840000000000000000e+02
9.030000000000000000e+02
6.960000000000000000e+02
3.270000000000000000e+02
6.700000000000000000e+02
2.860000000000000000e+02
2.740000000000000000e+02
2.960000000000000000e+02
2.770000000000000000e+02
2.390000000000000000e+02
3.210000000000000000e+02
3.870000000000000000e+02
1.000000000000000000e+03
6.220000000000000000e+02
3.320000000000000000e+02
2.560000000000000000e+02
1.000000000000000000e+03
1.000000000000000000e+03
4.930000000000000000e+02
2.720000000000000000e+02
3.140000000000000000e+02
3.060000000000000000e+02
4.730000000000000000e+02
3.710000000000000000e+02
7.770000000000000000e+02
7.050000000000000000e+02
1.000000000000000000e+03
2.240000000000000000e+02
2.690000000000000000e+02
1.000000000000000000e+03
2.790000000000000000e+02
9.970000000000000000e+02
2.490000000000000000e+02
3.580000000000000000e+02
2.360000000000000000e+02
5.910000000000000000e+02
2.850000000000000000e+02
2.770000000000000000e+02
4.710000000000000000e+02
7.950000000000000000e+02
4.520000000000000000e+02
1.000000000000000000e+03
2.710000000000000000e+02
5.100000000000000000e+02
2.910000000000000000e+02
4.750000000000000000e+02
3.590000000000000000e+02
2.840000000000000000e+02
1.000000000000000000e+03
1.000000000000000000e+03
4.160000000000000000e+02
4.100000000000000000e+02
1.000000000000000000e+03
1.000000000000000000e+03
4.020000000000000000e+02
2.510000000000000000e+02
1.000000000000000000e+03
4.780000000000000000e+02
1.000000000000000000e+03
2.150000000000000000e+02
1.000000000000000000e+03
8.030000000000000000e+02
1.000000000000000000e+03
2.630000000000000000e+02
2.680000000000000000e+02
3.640000000000000000e+02
3.460000000000000000e+02
2.990000000000000000e+02
5.880000000000000000e+02
7.510000000000000000e+02
3.180000000000000000e+02
4.900000000000000000e+02
4.100000000000000000e+02
3.800000000000000000e+02
6.160000000000000000e+02
5.760000000000000000e+02
4.790000000000000000e+02
2.290000000000000000e+02
2.910000000000000000e+02
1.000000000000000000e+03
4.000000000000000000e+02
1.000000000000000000e+03
2.610000000000000000e+02
3.510000000000000000e+02
5.540000000000000000e+02
1.000000000000000000e+03
2.790000000000000000e+02
2.140000000000000000e+02
3.380000000000000000e+02
3.370000000000000000e+02
2.240000000000000000e+02
2.130000000000000000e+02
6.170000000000000000e+02
1.000000000000000000e+03
1.000000000000000000e+03
1.000000000000000000e+03
2.350000000000000000e+02
3.030000000000000000e+02
5.090000000000000000e+02
1.000000000000000000e+03
1.000000000000000000e+03
3.370000000000000000e+02
1.000000000000000000e+03
3.000000000000000000e+02
5.040000000000000000e+02
4.770000000000000000e+02
4.640000000000000000e+02
2.560000000000000000e+02
7.590000000000000000e+02
2.680000000000000000e+02
3.840000000000000000e+02
1.000000000000000000e+03
6.900000000000000000e+02
6.340000000000000000e+02
2.450000000000000000e+02
4.930000000000000000e+02
6.720000000000000000e+02
2.840000000000000000e+02
1.000000000000000000e+03
3.560000000000000000e+02
2.430000000000000000e+02
2.640000000000000000e+02
5.480000000000000000e+02
5.920000000000000000e+02
2.380000000000000000e+02
1.000000000000000000e+03
2.280000000000000000e+02
3.720000000000000000e+02
2.650000000000000000e+02
6.850000000000000000e+02
2.820000000000000000e+02
2.370000000000000000e+02
5.660000000000000000e+02
2.570000000000000000e+02
6.560000000000000000e+02
2.330000000000000000e+02
3.660000000000000000e+02
9.030000000000000000e+02
1.000000000000000000e+03
1.000000000000000000e+03
5.190000000000000000e+02
9.210000000000000000e+02
2.340000000000000000e+02
3.260000000000000000e+02
1.000000000000000000e+03
3.260000000000000000e+02
7.280000000000000000e+02
5.980000000000000000e+02
3.240000000000000000e+02
1.000000000000000000e+03
2.260000000000000000e+02
2.430000000000000000e+02
6.450000000000000000e+02
2.540000000000000000e+02
4.240000000000000000e+02
2.980000000000000000e+02
3.530000000000000000e+02
1.000000000000000000e+03
1.000000000000000000e+03
2.280000000000000000e+02
4.630000000000000000e+02
2.700000000000000000e+02
2.640000000000000000e+02
2.930000000000000000e+02
1.000000000000000000e+03
1.000000000000000000e+03
2.190000000000000000e+02
2.070000000000000000e+02
8.070000000000000000e+02
3.090000000000000000e+02
1.000000000000000000e+03
1.000000000000000000e+03
2.660000000000000000e+02
4.330000000000000000e+02
2.550000000000000000e+02
6.870000000000000000e+02
4.520000000000000000e+02
2.620000000000000000e+02
4.990000000000000000e+02
4.960000000000000000e+02
5.090000000000000000e+02
6.970000000000000000e+02
5.130000000000000000e+02
1.000000000000000000e+03
1.000000000000000000e+03
6.080000000000000000e+02
2.500000000000000000e+02
2.490000000000000000e+02
1.000000000000000000e+03
2.610000000000000000e+02
5.930000000000000000e+02
1.000000000000000000e+03
2.260000000000000000e+02
1.000000000000000000e+03
6.460000000000000000e+02
8.960000000000000000e+02
5.370000000000000000e+02
2.660000000000000000e+02
3.390000000000000000e+02
4.000000000000000000e+02
4.450000000000000000e+02
3.030000000000000000e+02
2.350000000000000000e+02
2.330000000000000000e+02
2.480000000000000000e+02
2.780000000000000000e+02
4.230000000000000000e+02
4.320000000000000000e+02
1.000000000000000000e+03
4.830000000000000000e+02
1.000000000000000000e+03
3.870000000000000000e+02
7.010000000000000000e+02
3.240000000000000000e+02
4.460000000000000000e+02
3.220000000000000000e+02
1.000000000000000000e+03
3.630000000000000000e+02
3.200000000000000000e+02
3.480000000000000000e+02
3.130000000000000000e+02
4.540000000000000000e+02
2.730000000000000000e+02
2.860000000000000000e+02
9.310000000000000000e+02
4.310000000000000000e+02
1.000000000000000000e+03
1.000000000000000000e+03
6.110000000000000000e+02
1.000000000000000000e+03
3.270000000000000000e+02
1.000000000000000000e+03
2.200000000000000000e+02
1.000000000000000000e+03
2.430000000000000000e+02
4.660000000000000000e+02
3.260000000000000000e+02
2.320000000000000000e+02
3.850000000000000000e+02
5.930000000000000000e+02
2.950000000000000000e+02
4.090000000000000000e+02
5.900000000000000000e+02
3.140000000000000000e+02
3.350000000000000000e+02
1.000000000000000000e+03
2.230000000000000000e+02
2.230000000000000000e+02
2.710000000000000000e+02
1.000000000000000000e+03
2.350000000000000000e+02
2.370000000000000000e+02
