-2.091548026502268840e+02
3.798473114347195434e+01
-4.248880069603350051e+01
-1.805631173137363419e+02
-3.986338887655962537e+01
-9.507814965722357670e+01
-4.413249102199988982e+01
-8.296392265349587092e+01
-5.611545277831925915e+01
-1.080867306568230362e+02
-3.075911928148746028e+02
-7.457340933993496890e+01
-2.885237949068819034e+02
-2.982350321129645110e+01
-6.053778794347459069e+01
-1.228170038917313178e+02
-2.805767088425944848e+02
-2.572202117489567854e+02
-1.589069143019307262e+02
-1.479252308985387003e+02
-8.429625105450027434e+01
-5.216476756893598576e+02
-4.553638584711077186e+01
-2.416940524595605382e+02
-7.209831162285162520e+01
-1.581072617178552093e+02
-2.371742335557417505e+02
-3.842504770793889293e+02
-2.412786648539498628e+02
-4.996186149935081175e+02
-2.093112059614987572e+02
-1.263740207339865407e+02
-1.134273657161508595e+02
-3.477196972748598114e+02
-6.375032256856589896e+01
-3.524391652538266158e+02
-9.650873419540376474e+00
-1.600412714891655526e+02
-2.944889442764024921e+02
-3.631589101022576642e+02
-9.910012214213645620e+01
-5.644690014129287192e+01
-4.573995880390063462e+02
-1.670564225123733877e+02
-5.991664249228765016e+01
-1.849307497539569169e+02
1.274174907710787075e+01
-9.609466656433666287e+01
-1.154446937351711995e+02
3.861919742828279212e+00
-1.702674286491735813e+02
-7.738798444355806794e+01
-2.342825486576390972e+02
-3.390775701423372652e+02
-4.335270255961494854e+02
-2.402494919830181459e+02
4.382875861997943900e+01
-3.214779263062953873e+02
-2.140943590031922383e+02
-3.635223644059086041e+02
-9.127927879541903167e+01
-6.805204648179856974e+01
-1.591007370415538844e+02
-1.022589409681128529e+02
-6.626973107452239731e+01
-1.303939831231900541e+02
-6.050514061732502569e+02
-1.100780479918536869e+01
-3.145601146930183063e+02
-2.419124965851949867e+02
-2.162710541447397077e+02
1.683772054140310459e+01
5.284972065750815062e+01
-1.801366140140684422e+02
-9.401867918176186834e+01
-1.101516359549394792e+02
-1.655508302496258466e+02
-3.121161694068788393e+02
-3.540065548632555874e+02
-2.259516508613788801e+02
-9.747349678081552327e+01
-5.667254395485941814e+02
-2.622621048160548298e+02
-2.851508923244479661e+02
-1.034642875536636524e+02
-7.773439313005899010e+01
-1.264722476579730852e+02
-6.463895311875501193e+01
-1.896741270765557204e+02
-1.192522363859046521e+02
-1.498876549924459312e+01
-2.280277576110591156e+02
-5.535185270206890351e+01
-3.689229918303689146e+02
-3.576904719726841222e+02
-7.767768804820819639e+01
-1.485881707432620260e+02
-2.292572351421808818e+01
-1.079612979917749982e+02
-1.558712886161377185e+02
2.914745985387411142e+00
-3.442717187539012116e+02
-4.701602162750577918e+01
5.195708161796598334e-01
-9.755206341980111517e+01
-3.175628140043788790e+02
-2.480022245892332933e+02
-2.729778542065318447e+02
-1.915379027156748180e+02
-1.774331635850094244e+02
-3.338135127255451380e+02
-2.010664112232763330e+02
-2.062700848133631268e+02
-1.524019433358243134e+02
-4.293631144526304411e+01
-7.810843068951236035e+01
-1.238576855388732127e+02
-8.560439754996643558e+01
-4.190649551055931710e+01
-6.381681695293671908e+01
-6.334285809201294626e+01
-3.221067097062523317e+02
-2.343653953539691770e+02
-1.957875763359716075e+02
-5.650632448317236367e+02
-2.298294079742230736e+02
-1.772607915053464467e+02
4.005804768685175077e+01
5.887229391198791717e+01
-7.276456354828350470e+01
-2.329168311045883684e+02
-1.254081105918226058e+02
-2.374251081780548702e+02
-2.851014981770281764e+01
-5.460867878280439669e+01
-1.560634320408177871e+02
-8.359337270612094528e+01
-1.502435840320987950e+02
-2.770673120995480190e+02
-2.156222451299770739e+02
-3.177143430613750184e+02
-3.353972808497164948e+01
-5.805137788439888169e+01
-9.901381679037955053e+01
-5.344509839492583581e+01
-2.251773367528460579e+00
-1.990933731541301484e+02
-2.227248588835801684e+02
-2.199659705511098480e+02
-6.981598411158617523e+01
-3.347019995944316406e+02
-4.297194667673428370e+01
-2.565945197295334879e+02
-1.505472733373599397e+02
-1.917503295869104463e+01
-2.199592957804212290e+02
-4.208874792030884038e+01
-1.909300329511435166e+02
-3.114161465951817718e+02
2.042194822231354223e+01
-3.047281761829319748e+02
-4.145537774533063669e+01
-6.075760956963683412e+01
-1.882215485341088765e+02
4.071735567576388348e+01
-3.934191531466733949e+01
-1.757658270365173081e+01
-5.129868583647050428e+01
1.012098818686722090e+01
-1.850602933387165479e+02
-3.196287902006471313e+02
5.464913840744195284e+00
2.805137054275774844e+01
-1.230056206390436699e+02
-4.322099436678403350e+00
-1.981542830808705276e+02
-5.422852885836056913e+01
-6.314882424574604691e+00
-2.614921285460682725e+02
-1.265819120894958161e+02
-3.794815126659690918e+02
-3.992731984674661589e+02
-1.251971194012189699e+02
-8.354857142505642287e+01
-1.529663863971394449e+02
-1.449270327091855961e+02
-1.965262125447357562e+02
-8.112380455690917813e+01
-1.414938839076269801e+02
-1.571332193387273719e+02
-1.607096391605900294e+02
-1.524153596041423384e+02
-4.019019409156677511e+02
-6.816842322622537154e+01
-1.887006652656330061e+02
-2.047020701694599154e+02
-3.807141156509296138e+02
-2.203010607596034731e+02
-1.708731272044817615e+02
-1.433474121899733404e+02
-1.427524060268997346e+02
-1.278936812521324242e+02
-1.125496744229767785e+02
-1.074315145689989635e+02
-1.010302822593201739e+02
-2.157492827111049394e+02
-1.487201623601942302e+01
-1.564470030646810983e+02
-7.249816900828728983e+00
-2.757106536840035460e+02
-8.762012829220903143e+01
-6.334954087602761774e+01
-1.997173754845975111e+02
-1.162836227638438942e+02
-1.981539948768998158e+02
-1.770899052951422448e+02
-4.877272657775579887e+02
-1.336807228069213807e+02
-2.165550206417904988e+01
3.083665351740212657e+01
-1.002936213491987303e+02
-5.159945691231368983e+02
8.020927852416797066e+00
-8.230117067896983940e+00
-5.751030688725214901e+01
-2.023205252499968481e+02
-3.377853638543409716e+02
-2.686056656360909400e+00
-6.342532734800015959e+01
-1.585935955261521713e+02
-3.500967918146369016e+02
-6.325741148358819999e+01
-2.373936027348943583e+02
-1.404163532231960687e+02
-2.594145369341113678e+02
-1.706170366577704840e+02
-3.785100665319548057e+02
1.162355467078525173e+01
-1.182780017828264079e+02
-1.580488960385325754e+02
-7.104259234871398121e+01
-2.431893417676108413e+02
-2.162010133340415621e+02
-1.474271138959366851e+02
-5.677492338381020431e+01
3.835021386335758820e+01
-6.905454992977705331e+01
-1.365264224820052732e+02
-2.850324369338046040e+02
-1.199118560534562050e+02
-4.196611868349209118e+01
-2.979924598319064444e+02
-2.590927180962762755e+00
-1.998657000953579370e+02
-3.247927841129830426e+02
-1.230130929354112510e+02
-1.540350789249979258e+01
-6.989388695479415503e+01
-1.295659521492955548e+02
-2.021122019782922052e+02
-7.672979813159885509e+01
-1.956775928905426838e+02
-1.606896546465345921e+02
-1.324297592221917625e+02
-1.172822672043970584e+02
-1.527657901373023321e+02
1.344874052789359631e+01
-1.700844437091508041e+02
-2.909877760523842127e+01
-2.831857940796127693e+01
-1.695879808356191916e+02
-9.747409811903555976e+01
-9.322712095448014225e+01
-4.352532851031982375e+01
6.240774738932970855e+00
-5.455993463416167089e+01
-1.911001572369296468e+02
-1.290607112497150126e+02
-1.486485035877836083e+02
-1.063638603865314565e+02
-1.487909848694472146e+02
-4.462240046902856534e+02
-2.536010354798176820e+02
-3.377922442856178975e+01
-3.108597203946662546e+01
-5.415465231175128480e+01
-4.014472091173781365e+01
-1.723454204015080506e+02
3.575481969616842548e+01
1.289512888050249373e+01
-1.746181611604240800e+02
8.041625340344046080e+00
-4.197805282856514886e-03
4.062762823540723822e+00
-3.313501157730165403e+01
-2.593849486720446862e+02
-2.725285310058724519e+01
-1.653227687267472277e+02
-4.197184689728049989e+01
-2.613677840015898255e+02
-2.119618553884925802e+02
-4.315540395407761309e+01
-6.070853861087138625e+01
-1.494846345083475470e+01
2.361837333104218928e+01
-4.802453962429938628e+01
-2.397400234807859363e+02
2.255028094139788664e+01
-8.708490985211861357e+01
-8.422023355046540871e+01
-8.087186486608632663e+01
-1.594523540789827223e+02
-1.930491299081008947e+02
-1.114210200216383839e+02
-3.191731713469598475e+01
-3.073409569803286558e+02
-5.250061088697528078e+01
-3.445188539223467217e+01
-1.145926366417785225e+01
1.415947122703727068e+01
-5.900924166254061021e+01
-2.146942737042243436e+02
-1.559297187749634475e+02
-2.514259239797928274e+02
-4.333197039238095272e+01
-2.196023644712155942e+02
-1.080424652972113932e+02
-8.636819061563395735e+03
-2.435415300689369928e+02
-5.763442515745853001e+01
-1.541693528473078345e+02
-1.431243933586387413e+02
-9.955100766437490734e+01
-7.036372361069263093e+01
-1.318938253793365902e+02
-2.025012430842120352e+02
-1.441543224984709468e+02
-1.424000983833914518e+02
-1.030167603196092898e+02
-1.116234344100474196e+01
-7.446231906941508782e+01
-1.510129360367747040e+02
4.907717032124751455e+01
-7.992900819710229143e+01
-5.214805144546384241e+01
-7.226087332369903038e+01
-1.504936906897594895e+02
-3.452206373210490824e+02
-7.841282693583296748e+01
-5.267454508962362780e+01
-1.229859493342612353e+02
-1.259542640090272698e+02
-7.465199306281544978e+01
-1.158526174141823759e+02
-1.951428831726040016e+02
4.163899641145374808e+00
-1.933649767435169053e+02
-6.717865786192905375e+01
-5.092205866048300322e+01
-2.750486933155250924e+01
-1.352176518878025888e+02
-3.724336932025941849e+01
-1.009736070117944138e+02
-7.164229942971458343e+01
-1.068771296189752888e+02
-1.908475701306322776e+02
-7.822295164017423019e+01
-8.300722766981782286e+01
4.734953836738767308e+01
-8.413375858766946180e+01
-1.388193281908733923e+02
-1.146496262207544845e+02
-2.171464991386596921e+02
-1.162378226346769594e+02
-1.400987650894248873e+02
3.851760420676228591e+01
-8.100543870435770089e+01
-3.415633246973533232e+01
-1.428984983758027170e+02
-9.674975204266618789e+01
-6.359696809620142233e+01
-8.962387621818974992e+01
-1.171179146428289926e+02
3.328314675066164074e+00
4.616498685248573253e+01
-2.831824568084744342e+01
-2.910854988179094107e+02
5.292532951565026877e+01
-1.775803929650623445e+02
-1.697503352539945070e+02
-1.684618823020861953e+02
-5.280374793280964241e+01
-4.847922179762801420e+01
-5.256508873711543117e+01
-3.368885935955992750e+01
-5.549618752005110878e+01
-1.091528321763118470e+02
-1.025207222997200631e+02
-3.713126610057908579e+02
-2.314550627931140525e+01
-1.174834783259493207e+02
-2.013234374626833869e+02
-9.612033589269202594e+01
-1.327674057325033061e+02
-1.177846353995069251e+02
-1.113124766933192689e+02
-4.784470331933441400e+01
-3.737675556918176056e+01
-9.022913589401784407e+01
-7.065430255785274483e+01
-6.367479235171075658e+01
-2.817081429650198032e+01
3.399364070690695172e+01
-1.437221969825077572e+01
1.412507593363462988e+01
-3.529429758625611413e+01
-1.944879702375826867e+02
-8.452071479465506343e+01
-2.248371512200371569e+01
-6.158753283496776021e+01
-2.888427608269819871e+02
-8.454367663994190707e+01
-4.783460078876044186e+00
-2.224174979585341703e+02
-6.747511754176099430e+01
-3.423554709354740311e+01
4.397551176432936160e+01
9.857544143426798300e+00
4.822184370719241997e+01
-3.131079628740490506e+00
-8.442160435809171304e+01
-7.160455608238105185e+01
-1.570486333466653264e+02
-3.443573384333090903e+00
-2.574213457237041780e+01
-2.287326581069065412e+02
1.221584268545443130e+01
-2.111707363928548489e+02
6.833617297441425542e+00
-1.109545913494309133e+02
-3.135360879749463265e+02
5.232412124538209497e+01
-1.698096641619453635e+02
-9.619119919227976823e+01
-2.479078311721197281e+02
-1.467806120524093103e+02
6.440141436508038453e+01
-8.738529603276444391e+01
-1.282395045561487734e+01
1.108269744721340189e+01
-5.354371033708910943e+01
-1.189961605472013417e+02
-2.441129949622514772e+01
-1.594232391967321689e+02
5.302744518321320655e+00
1.962612138577198451e+01
-3.943982147248183878e+01
-1.530755670089413059e+02
-1.788231249676571508e+02
-7.259503282006672009e+01
-2.910638487967502996e+01
-1.242561735152394675e+02
-5.770171652066197510e+01
-5.138737605475293790e+00
-3.954551179475020461e+01
-8.053716949825083304e+01
-4.651083050099804694e+01
-2.584146283987312742e+01
-2.373998515627579309e+01
-4.136887802627131805e+01
3.417682067248897937e+01
-1.239187137933713529e+02
-8.283039203828286645e+01
-2.781607545171398144e+01
-5.525022390869936117e+01
-2.198975056145193108e+01
-3.688562369013112061e+02
-1.315427231734176132e+02
5.158785942321532048e+01
-5.173263099842011314e+01
-2.696288614913578385e+01
-4.407118627667942690e+01
-1.085027982278278387e+02
1.832348314198060635e+01
-1.199579982564557525e+02
-1.744051824083286704e+02
4.856377559009783340e+01
5.221178800157808553e+01
-1.176859074303875303e+02
-1.668558788408644489e+02
-8.475807930688489478e+01
-4.847663479648624474e+01
-1.808262598285635931e+02
-5.569114678526574380e+01
-1.081411839633192784e+02
-1.203530433870237317e+02
-6.709128008023560596e+01
-1.231476457995092915e+02
-6.494550578645110761e+01
-4.216936820226546274e+02
